<?xml version='1.0' encoding='utf-8'?>
<!-- FreeCAD DocumentObject -->
<Document SchemaVersion="4" FileVersion="2">
<Object name="Fillet007">
  <Properties Count="10" TransientCount="1">
    <_Property name="_ElementMapVersion" type="App::PropertyString" status="234881024"/>
    <Property name="Base" type="App::PropertyLink">
      <Link value="Extrude"/>
    </Property>
    <Property name="ColoredElements" type="App::PropertyLinkSubHidden" status="218103808">
      <LinkSub value="" count="0">
      </LinkSub>
    </Property>
    <Property name="EdgeLinks" type="App::PropertyLinkSub" status="83886080">
      <LinkSub value="Extrude" count="11">
        <Sub value="Edge2" shadow=";#1e;:G;XTR;:T2859:3:E.Edge2"/>
        <Sub value="Edge3" shadow=";#16;:T2859:3:E.Edge3"/>
        <Sub value="Edge4" shadow=";#29;:U;XTR;:T2859:3:E.Edge4"/>
        <Sub value="Edge5" shadow=";#1f;:G;XTR;:T2859:3:E.Edge5"/>
        <Sub value="Edge6" shadow=";#17;:T2859:3:E.Edge6"/>
        <Sub value="Edge7" shadow=";#2a;:U;XTR;:T2859:3:E.Edge7"/>
        <Sub value="Edge8" shadow=";#20;:G;XTR;:T2859:3:E.Edge8"/>
        <Sub value="Edge9" shadow=";#18;:T2859:3:E.Edge9"/>
        <Sub value="Edge10" shadow=";#26;:U;XTR;:T2859:3:E.Edge10"/>
        <Sub value="Edge12" shadow=";#19;:T2859:3:E.Edge12"/>
        <Sub value="Edge13" shadow=";#27;:U;XTR;:T2859:3:E.Edge13"/>
      </LinkSub>
    </Property>
    <Property name="Edges" type="Part::PropertyFilletEdges">
      <FilletEdges count="11" >
2 0.5 0.5
3 0.5 0.5
4 0.5 0.5
5 0.5 0.5
6 0.5 0.5
7 0.5 0.5
8 0.5 0.5
9 0.5 0.5
10 0.5 0.5
12 0.5 0.5
13 0.5 0.5
      </FilletEdges>
    </Property>
    <Property name="ExpressionEngine" type="App::PropertyExpressionEngine" status="67108864">
      <ExpressionEngine count="0"></ExpressionEngine>
    </Property>
    <Property name="Label" type="App::PropertyString" status="134217728">
      <String value="Fillet007"/>
    </Property>
    <Property name="Label2" type="App::PropertyString" status="128">
      <String value=""/>
    </Property>
    <Property name="Placement" type="App::PropertyPlacement" status="8388608">
      <PropertyPlacement Px="0" Py="0" Pz="0" Q0="0" Q1="0" Q2="0" Q3="1" A="0" Ox="0" Oy="0" Oz="1"/>
    </Property>
    <Property name="Shape" type="Part::PropertyPartShape">
      <Part HasherIndex="0" ElementMap="1.15.70200.3.0" brep="1">
<![CDATA[

CASCADE Topology V1, (c) Matra-Datavision
Locations 16
1
              1               0               0               0 
              0               1               0               0 
              0               0               1               0 
1
              1               0               0               0 
              0               1               0               0 
              0               0               1               0 
1
              1               0               0               0 
              0               1               0               0 
              0               0               1               0 
2  2 1 3 1 0
2  3 -1 2 -1 0
1
              1               0               0               0 
              0               1               0               0 
              0               0               1               0 
1
0.342020143325669               0 0.939692620785909 -6.57784834550136 
              0              -1               0               0 
0.939692620785909               0 -0.342020143325669 6.39414100327968 
2  6 1 7 1 2 1 3 1 0
2  7 -1 6 -1 0
2  3 -1 2 -1 7 -1 6 -1 0
1
              1               0               0 -3.75877048314363 
              0               1               0              -0 
              0               0               1 1.36808057330268 
2  6 1 7 1 11 1 2 1 3 1 0
2  11 -1 7 -1 6 -1 0
2  3 -1 2 -1 11 -1 7 -1 6 -1 0
2  11 1 2 1 3 1 0
2  3 -1 2 -1 11 -1 0
Curve2ds 102
1 0 0 -2.7755575615628914e-16 -1 
1 7.5000000000000036 0 0 -1 
1 0 0 0 1 
1 0 -0.49999999999999822 1 0 
1 0 0 0 1 
1 0 -3.4999999999999982 1 0 
1 0 0 0 1 
1 11.005677231869393 1.7763568394002505e-15 -2.7755575615628914e-16 -1 
1 11.294352366464205 -4.4408920985006262e-16 2.7755575615628914e-16 -1 
1 0 0 0 -1 
1 -1.5707963267948957 11.294352366464203 1 0 
2 0.49999999999999956 -0.50000000000000122 0 -1 -1 -0 0.5
1 -4.7123889803846897 11.294352366464205 1 0 
2 0.49999999999999956 -3.5000000000000004 0 -1 1 0 0.5
1 6.0582106851714705 -3.7500000000000018 0 1 
1 0 0 1 0 
1 0 -4.0000000000000009 1 0 
1 6.0582106851714705 -3.7500000000000018 0 1 
1 -4.7123889803846897 0 1 0 
2 7.0000000000000036 -0.49999999999999994 0 1 -1 0 0.5
1 -1.5707963267948966 0 1 0 
2 7.0000000000000036 -3.4999999999999996 0 1 1 -0 0.5
1 1.5707963267948966 0 0 1 
1 6.0582106851714705 3.2500000000000022 -1 -0 
8 4.7123889803846897 6.2831853071795862
1 6.2831853071795862 11.005677231869392 -1 -0 
8 4.7123889803846897 6.2831853071795862
1 0 -6.2831853071795862 0 1 
1 1.5707963267948966 0 0 1 
1 6.0582106851714697 3.2500000000000022 -1 -0 
8 4.7123889803846897 6.2831853071795862
1 6.2831853071795862 11.005677231869392 -1 -0 
8 4.7123889803846897 6.2831853071795862
1 0 -6.2831853071795862 0 1 
1 0 0.50000000000000178 1 0 
1 0 0 1 0 
1 8.8817841970012523e-16 3.5000000000000018 1 0 
1 0 0 1 0 
1 1.0471975511965979 0 0 1 
1 0.28867513459481398 0 -1.6653345369377348e-16 -1 
1 0 0 0 1 
1 -4.4408920985006262e-16 -0.50000000000000178 1 0 
1 0 0 0 1 
1 8.8817841970012523e-16 -3.5000000000000036 1 0 
1 1.0471975511965979 0 0 1 
1 0.28867513459481309 0 2.7755575615628914e-16 -1 
8 4.7123889803846897 6.2831853071795862
1 6.2831853071795862 0.28867513459481259 -1 -0 
8 4.7123889803846897 6.2831853071795862
1 1.0471975511965959 -6.2831853071795862 0 1 
1 1.5707963267948966 0 0 1 
1 -5.2361416812927342 -3.2500000000000022 1 0 
8 4.7123889803846897 6.2831853071795862
1 6.2831853071795862 0.28867513459481259 -1 -0 
8 4.7123889803846897 6.2831853071795862
1 1.0471975511965987 -6.2831853071795862 0 1 
1 1.5707963267948966 0 0 1 
1 -5.2361416812927342 -3.2500000000000022 1 0 
1 1.570796326794897 0 0 1 
1 -6.9681924888616127 0.25 0.49999999999999994 -0.86602540378443871 
1 1.570796326794897 0 0 1 
1 -4.8031289794005154 3.5000000000000027 -0.49999999999999994 -0.86602540378443871 
1 1.5707963267948963 0 0 1 
1 -6.9681924888616127 0.25000000000000011 0.49999999999999994 -0.86602540378443871 
1 1.5707963267948963 0 0 1 
1 -4.8031289794005154 3.5000000000000027 -0.49999999999999994 -0.86602540378443871 
1 0 -1.5707963267948966 1 0 
8 4.7123889803846897 6.2831853071795862
1 6.2831853071795862 0.28867513459481337 -1 -0 
8 4.7123889803846897 6.2831853071795862
1 1.047197551196599 -6.2831853071795862 0 1 
1 0 -1.5707963267948966 1 0 
8 4.7123889803846897 6.2831853071795862
1 6.2831853071795862 0.28867513459481337 -1 -0 
8 4.7123889803846897 6.2831853071795862
1 1.0471975511965996 -6.2831853071795862 0 1 
1 0 0 0 1 
1 8.8817841970012523e-16 -0.50000000000000178 1 0 
1 0 0 0 1 
1 0 -3.5000000000000018 1 0 
1 0 0 0 1 
1 4.041451884327385 0 -1.6653345369377348e-16 -1 
1 0 0 0 1 
1 4.0414518843273832 0 1.6653345369377348e-16 -1 
1 0 0.50000000000000178 1 0 
1 0 0 1 0 
1 0 3.5000000000000036 1 0 
1 0 0 1 0 
8 4.7123889803846897 6.2831853071795862
1 6.2831853071795862 4.0414518843273823 -1 -0 
8 4.7123889803846897 6.2831853071795862
1 0 -6.2831853071795862 0 1 
1 0 -1.5707963267948966 1 0 
8 4.7123889803846897 6.2831853071795862
1 6.2831853071795862 4.0414518843273823 -1 -0 
8 4.7123889803846897 6.2831853071795862
1 0 -6.2831853071795862 0 1 
1 0 -1.5707963267948966 1 0 
8 4.7123889803846897 6.2831853071795862
1 6.2831853071795862 0.28867513459481237 -1 -0 
8 4.7123889803846897 6.2831853071795862
1 1.0471975511965981 -6.2831853071795862 0 1 
1 0 0 0 1 
1 -2.2204460492503131e-16 -0.50000000000000178 1 0 
8 4.7123889803846897 6.2831853071795862
1 6.2831853071795862 4.0414518843273823 -1 -0 
8 4.7123889803846897 6.2831853071795862
1 0 -6.2831853071795862 0 1 
8 4.7123889803846897 6.2831853071795862
1 6.2831853071795862 0.28867513459481237 -1 -0 
8 4.7123889803846897 6.2831853071795862
1 1.0471975511965985 -6.2831853071795862 0 1 
1 0 0 0 1 
1 -2.2204460492503131e-16 -3.5000000000000018 1 0 
8 4.7123889803846897 6.2831853071795862
1 6.2831853071795862 4.0414518843273823 -1 -0 
8 4.7123889803846897 6.2831853071795862
1 0 -6.2831853071795862 0 1 
1 4.4408920985006104e-16 0.49999999999999822 1 0 
1 0 0 1 0 
1 8.8817841970012208e-16 3.4999999999999982 1 0 
1 0 0 1 0 
1 1.0471975511965974 0 0 1 
1 0.28867513459481375 0 1.6653345369377348e-16 -1 
1 0 -1.5707963267948966 1 0 
1 0 -1.5707963267948966 1 0 
Curves 47
1 -3.2562738928949222 -3.7500000000000018 15.520091808853222 -0.93969262078590843 -0 0.34202014332566877 
1 -3.7261202032878762 -3.7500000000000022 15.691101880516056 -0.34202014332566849 0 -0.93969262078590854 
1 -6.545198065645601 -3.7500000000000022 16.717162310493062 -0.34202014332566849 0 -0.93969262078590854 
1 -7.0204371971349371 -3.7500000000000018 5.1781381273140701 -0.93969262078590843 0 0.34202014332566877 
1 -3.2562738928949222 3.7500000000000018 15.520091808853222 -0.93969262078590843 -0 0.34202014332566877 
8 1.5707963267948957 3.1415926535897931
2 -3.7261202032878775 3.2500000000000022 15.691101880516056 -0.34202014332566849 -0 -0.93969262078590854 -0.93969262078590854 0 0.34202014332566849 0 1 -0 0.5
8 4.7123889803846906 6.2831853071795862
2 -6.5451980656456019 3.2500000000000022 16.717162310493062 0.34202014332566849 0 0.93969262078590854 -0.93969262078590854 0 0.34202014332566849 0 -1 0 0.5
1 9.7116340000000001 -3.75 0 0 1 0 
8 4.7123889803846897 6.2831853071795871
2 -3.7261202032878762 -3.2500000000000022 15.691101880516056 0.34202014332566849 -0 0.93969262078590854 0.93969262078590854 0 -0.34202014332566849 0 1 0 0.5
8 1.5707963267948966 3.141592653589794
2 -6.545198065645601 -3.2500000000000022 16.717162310493062 -0.34202014332566849 0 -0.93969262078590854 0.93969262078590854 0 -0.34202014332566849 0 -1 -0 0.5
1 -3.2562738928949218 -3.2500000000000022 15.520091808853222 -0.34202014332566849 0 -0.93969262078590854 
2 -7.4902835075278933 -3.2500000000000018 5.3491481989769039 -0.34202014332566855 -2.8843290554854045e-15 -0.93969262078590854 9.8649863695550809e-16 -1 2.710382729358023e-15 -0.93969262078590854 -1.9721522630525295e-31 0.34202014332566855 0.5
1 -7.0150443760385555 -3.2500000000000022 16.888172382155897 -0.34202014332566849 0 -0.93969262078590854 
2 -10.309361369885618 -3.2500000000000018 6.3752086289539083 0.34202014332566855 6.2227878832193941e-15 0.93969262078590854 2.1283188037039304e-15 -1 5.8475078545772272e-15 0.93969262078590854 0 -0.34202014332566855 0.5
2 -7.4902835075278933 -3.2500000000000018 5.3491481989769039 0.93969262078590854 0 -0.34202014332566855 9.8649863695550809e-16 -1 2.710382729358023e-15 -0.34202014332566855 -2.8843290554854037e-15 -0.93969262078590854 0.5
2 -10.309361369885618 -3.2500000000000018 6.3752086289539083 0.93969262078590854 0 -0.34202014332566855 2.1283188037039304e-15 -1 5.8475078545772272e-15 -0.34202014332566855 -6.2227878832193941e-15 -0.93969262078590854 0.5
1 -7.1685362634979493 -3.5000000000000018 4.7712392866393829 -0.93969262078590843 0 0.34202014332566877 
1 -7.5890162184365675 3.7500000000000022 5.077882305193782 0.34202014332566849 0 0.93969262078590854 
1 -10.408094080794292 3.7500000000000022 6.1039427351707882 0.34202014332566849 0 0.93969262078590854 
1 -7.0204371971349362 3.7500000000000027 5.1781381273140719 -0.93969262078590843 0 0.34202014332566877 
2 -7.4902835075278924 3.2500000000000027 5.3491481989769056 0.34202014332566855 2.3713257458380581e-16 0.93969262078590854 -8.3266726846886741e-17 1 -2.2204460492503131e-16 -0.93969262078590854 -2.3014011738647188e-18 0.34202014332566855 0.5
1 -7.119169908043613 3.2500000000000022 4.9068722335309474 0.34202014332566849 0 0.93969262078590854 
2 -10.309361369885618 3.2500000000000027 6.3752086289539109 -0.34202014332566855 3.5901661060401435e-15 -0.93969262078590854 1.1934897514720433e-15 1 3.3861802251067274e-15 0.93969262078590854 3.6628333475660673e-17 -0.34202014332566855 0.5
1 -10.877940391187247 3.2500000000000022 6.2749528068336229 0.34202014332566849 0 0.93969262078590854 
1 -7.71156617349566 -0.25 3.2792768708321987 0.17101007166283422 0.86602540378443871 0.46984631039295416 
1 -6.9710708416806009 -3.5000000000000027 5.3137710742056337 -0.17101007166283422 0.86602540378443871 -0.46984631039295416 
1 -11.470336656639295 -0.25000000000000011 4.6473574441348742 0.17101007166283422 0.86602540378443871 0.46984631039295416 
1 -10.729841324824235 -3.5000000000000027 6.6818516475083092 -0.17101007166283422 0.86602540378443871 -0.46984631039295416 
2 -7.4902835075278933 -3.2500000000000018 5.3491481989769039 -0.17101007166283477 0.86602540378443793 -0.4698463103929556 -0.29619813272602336 -0.50000000000000144 -0.81379768134937291 -0.93969262078590854 0 0.3420201433256686 0.5
2 -10.309361369885618 -3.2500000000000018 6.3752086289539083 0.17101007166283555 -0.86602540378443638 0.46984631039295771 -0.29619813272602297 -0.50000000000000389 -0.81379768134937169 0.93969262078590854 -2.775557561562892e-17 -0.3420201433256686 0.5
1 -7.5890162184365675 -3.7500000000000027 5.0778823051937803 -0.17101007166283422 0.86602540378443871 -0.46984631039295416 
1 -10.408094080794292 -3.7500000000000027 6.1039427351707873 -0.17101007166283422 0.86602540378443871 -0.46984631039295416 
1 -7.8102988844043342 -0.24999999999999861 3.0080109770490742 -0.93969262078590843 0 0.34202014332566877 
1 -7.1685362634979484 3.5000000000000027 4.7712392866393847 -0.93969262078590843 0 0.34202014332566877 
2 -7.4902835075278924 3.2500000000000027 5.3491481989769056 0.93969262078590854 0 -0.34202014332566855 -0.29619813272602336 0.50000000000000155 -0.81379768134937291 0.1710100716628348 0.86602540378443782 0.46984631039295571 0.5
2 -10.309361369885618 3.2500000000000027 6.3752086289539109 0.93969262078590854 0 -0.34202014332566855 -0.29619813272602324 0.50000000000000233 -0.81379768134937258 0.17101007166283508 0.86602540378443738 0.46984631039295643 0.5
2 -7.4902835075278924 3.2500000000000027 5.3491481989769056 0.17101007166283477 0.86602540378443771 0.4698463103929556 -0.29619813272602336 0.50000000000000155 -0.81379768134937291 -0.93969262078590854 0 0.34202014332566855 0.5
2 -10.309361369885618 3.2500000000000027 6.3752086289539109 -0.17101007166283502 -0.86602540378443738 -0.46984631039295638 -0.29619813272602324 0.50000000000000233 -0.81379768134937258 0.93969262078590843 2.7755575615628907e-17 -0.34202014332566849 0.5
2 -8.1320461284342773 1.3322676295501878e-15 3.5859198893865938 0.17101007166283397 0.86602540378443926 0.46984631039295344 -0.29619813272602386 0.49999999999999911 -0.81379768134937425 -0.93969262078590843 0 0.34202014332566849 0.5
1 -8.3295115502516257 -5.5511151231257827e-17 3.0433881018203461 0.17101007166283422 0.86602540378443871 0.46984631039295416 
2 -8.1320461284342773 1.3322676295501878e-15 3.5859198893865938 -0.17101007166283466 0.86602540378443793 -0.46984631039295532 -0.29619813272602341 -0.50000000000000122 -0.81379768134937314 -0.93969262078590854 0 0.34202014332566855 0.5
2 -10.951123990792002 1.3322676295501878e-15 4.6119803193635995 -0.17101007166283422 -0.86602540378443871 -0.4698463103929541 -0.29619813272602374 0.49999999999999989 -0.81379768134937391 0.93969262078590854 0 -0.3420201433256686 0.5
1 -11.148589412609352 -1.6653345369377348e-16 4.0694485317973523 0.17101007166283422 0.86602540378443871 0.46984631039295416 
2 -10.951123990792002 1.3322676295501878e-15 4.6119803193635995 0.17101007166283458 -0.86602540378443826 0.4698463103929551 -0.29619813272602358 -0.50000000000000089 -0.81379768134937336 0.93969262078590843 -2.7755575615628907e-17 -0.3420201433256686 0.5
2 -8.1320461284342773 1.3322676295501878e-15 3.5859198893865938 0.93969262078590854 0 -0.34202014332566855 -0.29619813272602347 -0.50000000000000122 -0.81379768134937314 -0.17101007166283469 0.86602540378443804 -0.46984631039295544 0.5
2 -10.951123990792002 1.3322676295501878e-15 4.6119803193635995 0.93969262078590854 0 -0.34202014332566855 -0.29619813272602352 -0.50000000000000089 -0.81379768134937336 -0.17101007166283458 0.86602540378443826 -0.4698463103929551 0.5
1 -7.8102988844043342 0.25000000000000128 3.0080109770490742 -0.93969262078590843 0 0.34202014332566877 
Polygon3D 0
PolygonOnTriangulations 0
Surfaces 23
1 -3.2562738928949222 -3.7500000000000018 15.520091808853222 0 -1 -0 -0.34202014332566849 0 -0.93969262078590854 0.93969262078590854 0 -0.34202014332566849 
1 -3.2562738928949222 3.7500000000000018 15.520091808853222 0.34202014332566877 0 0.93969262078590843 0 -1 0 0.93969262078590843 0 -0.34202014332566877 
2 -3.7261202032878762 -3.2500000000000022 15.691101880516056 -0.34202014332566849 0 -0.93969262078590854 0 -1 -0 0.93969262078590854 0 -0.34202014332566849 0.5
2 -6.545198065645601 -3.2500000000000022 16.717162310493062 -0.34202014332566849 0 -0.93969262078590854 0 -1 -0 -0.93969262078590854 -0 0.34202014332566849 0.5
2 -7.0204371971349371 -3.2500000000000018 5.1781381273140701 -0.93969262078590843 0 0.34202014332566877 -0 -1 0 -0.34202014332566877 -0 -0.93969262078590843 0.5
1 -7.1191699080436113 3.7500000000000018 4.9068722335309474 -0 1 0 0.34202014332566849 0 0.93969262078590854 0.93969262078590854 0 -0.34202014332566849 
2 -7.5890162184365675 3.2500000000000022 5.077882305193782 0.34202014332566849 0 0.93969262078590854 -0 1 0 0.93969262078590854 0 -0.34202014332566849 0.5
2 -10.408094080794292 3.2500000000000022 6.1039427351707882 0.34202014332566849 0 0.93969262078590854 -0 1 0 -0.93969262078590854 -0 0.34202014332566849 0.5
1 -5.3283039797343648 0 9.8272359328312486 0.93969262078590854 0 -0.34202014332566855 0.34202014332566855 0 0.93969262078590854 0 -1 0 
4 -7.4902835075278933 -3.2500000000000018 5.3491481989769039 -0.93969262078590854 -0 0.34202014332566855 9.8649863695550809e-16 -1 2.7103827293580234e-15 -0.34202014332566855 -2.8843290554854045e-15 -0.93969262078590854 0.5
4 -10.309361369885618 -3.2500000000000018 6.3752086289539083 0.93969262078590854 0 -0.34202014332566855 2.1283188037039304e-15 -1 5.8475078545772272e-15 -0.34202014332566855 -6.2227878832193941e-15 -0.93969262078590854 0.5
1 -7.1191699080436113 -3.7500000000000018 4.9068722335309474 -0.29619813272602391 -0.49999999999999994 -0.8137976813493738 -0.17101007166283422 0.86602540378443882 -0.46984631039295421 0.93969262078590843 -1.3877787807814454e-16 -0.34202014332566871 
2 -7.0204371971349362 3.2500000000000027 5.1781381273140719 -0.93969262078590843 0 0.34202014332566877 -0.29619813272602391 0.49999999999999989 -0.8137976813493738 0.17101007166283436 0.86602540378443882 0.4698463103929541 0.5
4 -7.4902835075278924 3.2500000000000027 5.3491481989769056 -0.93969262078590854 -0 0.34202014332566855 -0.29619813272602341 0.50000000000000155 -0.81379768134937303 0.17101007166283477 0.86602540378443771 0.4698463103929556 0.5
4 -10.309361369885618 3.2500000000000027 6.3752086289539109 0.93969262078590854 0 -0.34202014332566855 -0.29619813272602324 0.50000000000000222 -0.81379768134937258 0.17101007166283502 0.86602540378443738 0.46984631039295638 0.5
2 -8.1814124838886144 -0.25 3.4502869424950329 0.17101007166283422 0.86602540378443871 0.46984631039295416 -0.29619813272602391 0.49999999999999989 -0.8137976813493738 0.93969262078590843 1.3877787807814457e-16 -0.34202014332566871 0.5
2 -7.4409171520735553 -3.5000000000000027 5.4847811458684674 -0.17101007166283422 0.86602540378443871 -0.46984631039295416 -0.29619813272602391 -0.49999999999999989 -0.8137976813493738 0.93969262078590843 -1.3877787807814457e-16 -0.34202014332566871 0.5
2 -11.000490346246341 -0.25000000000000011 4.4763473724720395 0.17101007166283422 0.86602540378443871 0.46984631039295416 -0.29619813272602391 0.49999999999999989 -0.8137976813493738 -0.93969262078590843 -1.3877787807814457e-16 0.34202014332566871 0.5
2 -10.259995014431281 -3.5000000000000027 6.5108415758454745 -0.17101007166283422 0.86602540378443871 -0.46984631039295416 -0.29619813272602391 -0.49999999999999989 -0.8137976813493738 -0.93969262078590843 1.3877787807814457e-16 0.34202014332566871 0.5
2 -7.662199818041322 1.3322676295501878e-15 3.4149098177237609 -0.93969262078590843 0 0.34202014332566877 -0.29619813272602391 -0.49999999999999989 -0.8137976813493738 -0.17101007166283436 0.86602540378443882 -0.4698463103929541 0.5
1 -7.8596652398586713 0 2.8723780301575119 -0.29619813272602391 0.49999999999999994 -0.8137976813493738 0.17101007166283422 0.86602540378443882 0.46984631039295421 0.93969262078590843 1.3877787807814454e-16 -0.34202014332566871 
4 -8.1320461284342773 1.3322676295501878e-15 3.5859198893865938 -0.93969262078590854 -0 0.34202014332566855 -0.29619813272602347 -0.50000000000000122 -0.81379768134937325 -0.17101007166283466 0.86602540378443793 -0.46984631039295532 0.5
4 -10.951123990792002 1.3322676295501878e-15 4.6119803193635995 0.93969262078590854 0 -0.34202014332566855 -0.29619813272602352 -0.50000000000000078 -0.81379768134937325 -0.17101007166283458 0.86602540378443826 -0.46984631039295505 0.5
Triangulations 0

TShapes 131
Ve
1e-07
-3.72612020328788 -3.75 15.6911018805161
0 0

0101101
*
Ve
1e-07
-6.5451980656456 -3.75 16.7171623104931
0 0

0101101
*
Ed
 1e-07 1 1 0
1  1 0 0.5 3.5
2  1 1 0 0.5 3.5
2  2 2 0 0.5 3.5
0

0101000
+131 5 -130 5 *
Ve
1e-07
-7.49028350752789 -3.75 5.3491481989769
0 0

0101101
*
Ed
 1e-07 1 1 0
1  2 0 1.07478917018195e-15 11.0056772318694
2  3 3 0 1.07478917018195e-15 11.0056772318694
2  4 1 4 1.07478917018195e-15 11.0056772318694
4 G1 3 0 1 4
0

0101000
+131 0 -128 0 *
Ve
1e-07
-10.3093613698856 -3.75 6.37520862895391
0 0

0101101
*
Ed
 1e-07 1 1 0
1  3 0 -1.27522005695161e-15 11.0056772318694
2  5 4 0 -1.27522005695161e-15 11.0056772318694
2  6 1 4 -1.27522005695161e-15 11.0056772318694
4 G1 4 0 1 4
0

0101000
+130 0 -126 0 *
Ed
 1e-07 1 1 0
1  4 0 0.5 3.5
2  7 5 0 0.5 3.5
2  8 1 4 0.5 3.5
4 G1 5 0 1 4
0

0101000
+128 0 -126 0 *
Wi

0101100
+129 4 -127 0 +125 0 -124 0 *
Fa
0  1e-07 1 0

0111000
+123 5 *
Ve
1e-07
-3.72612020328788 3.75 15.6911018805161
0 0

0101101
*
Ve
1e-07
-6.5451980656456 3.75 16.7171623104931
0 0

0101101
*
Ed
 1e-07 1 1 0
1  5 0 0.500000000000002 3.5
2  9 6 0 0.500000000000002 3.5
2  10 2 0 0.500000000000002 3.5
0

0101000
+121 5 -120 5 *
Ve
1e-07
-3.25627389289492 3.25 15.5200918088532
0 0

0101101
*
Ed
 1e-07 1 1 0
1  6 0 1.5707963267949 3.14159265358979
2  11 7 0 1.5707963267949 3.14159265358979
2  12 2 4 1.5707963267949 3.14159265358979
0

0101000
+121 0 -118 0 *
Ve
1e-07
-7.01504437603856 3.25 16.8881723821559
0 0

0101101
*
Ed
 1e-07 1 1 0
1  7 0 4.71238898038469 6.28318530717959
2  13 8 0 4.71238898038469 6.28318530717959
2  14 2 4 4.71238898038469 6.28318530717959
0

0101000
+120 0 -116 0 *
Ve
1e-07
-3.25627389289492 -3.25 15.5200918088532
0 0

0101101
*
Ed
 1e-07 1 1 0
1  8 0 0.5 7
2  15 9 9 0.5 7
2  16 2 9 0.5 7
0

0101000
+118 10 -114 10 *
Ve
1e-07
-7.01504437603855 -3.25 16.8881723821559
0 0

0101101
*
Ed
 1e-07 1 1 0
1  8 0 0.5 7
2  17 2 13 0.5 7
2  18 9 9 0.5 7
0

0101000
+116 14 -112 14 *
Ed
 1e-07 1 1 0
1  9 0 4.71238898038469 6.28318530717959
2  19 3 0 4.71238898038469 6.28318530717959
2  20 2 4 4.71238898038469 6.28318530717959
0

0101000
+131 0 -114 0 *
Ed
 1e-07 1 1 0
1  10 0 1.5707963267949 3.14159265358979
2  21 4 0 1.5707963267949 3.14159265358979
2  22 2 4 1.5707963267949 3.14159265358979
0

0101000
+130 0 -112 0 *
Wi

0101100
+119 4 -117 0 +115 0 -113 8 +111 12 +110 0 -109 0 -129 4 *
Fa
0  1e-07 2 0

0111000
+108 5 *
Ve
1e-07
-7.02043719713494 -3.25 5.17813812731407
0 0

0101101
*
Ed
 1e-07 1 1 0
1  11 0 -0 11.0056772318694
2  23 3 0 -0 11.0056772318694
2  24 9 4 -0 11.0056772318694
4 G1 3 0 9 4
0

0101000
+114 0 -106 0 *
Ed
 1e-07 1 1 0
1  12 0 4.71238898038469 6.28318530717959
2  25 3 0 4.71238898038469 6.28318530717959
2  26 10 0 4.71238898038469 6.28318530717959
4 G1 10 0 3 0
0

0101000
+106 0 -128 0 *
Wi

0101100
+110 0 -127 0 +105 0 +104 0 *
Fa
0  0 3 0

0111000
+103 0 *
Ve
1e-07
-10.7792076802786 -3.25 6.54621870061674
0 0

0101101
*
Ed
 1e-07 1 1 0
1  13 0 -8.88178419700125e-16 11.0056772318694
2  27 4 0 -8.88178419700125e-16 11.0056772318694
2  28 9 15 -8.88178419700125e-16 11.0056772318694
4 G1 4 0 9 15
0

0101000
+112 0 -101 0 *
Ed
 1e-07 1 1 0
1  14 0 4.71238898038469 6.28318530717959
2  29 4 0 4.71238898038469 6.28318530717959
2  30 11 0 4.71238898038469 6.28318530717959
4 G1 11 0 4 0
0

0101000
+101 0 -126 0 *
Wi

0101100
+109 0 -125 0 +100 0 +99 0 *
Fa
0  0 4 0

0111000
+98 0 *
Ve
1e-07
-7.6383825738909 -3.5 4.94224935830222
0 0

0101101
*
Ed
 1e-07 1 1 0
1  15 0 0 1.0471975511966
2  31 5 0 0 1.0471975511966
2  32 10 0 0 1.0471975511966
4 G1 10 0 5 0
0

0101000
+128 0 -96 0 *
Ve
1e-07
-10.4574604362486 -3.5 5.96830978827922
0 0

0101101
*
Ed
 1e-07 1 1 0
1  16 0 0 1.0471975511966
2  33 5 0 0 1.0471975511966
2  34 11 0 0 1.0471975511966
4 G1 11 0 5 0
0

0101000
+126 0 -94 0 *
Ed
 1e-07 1 1 0
1  17 0 0.500000000000002 3.5
2  35 5 0 0.500000000000002 3.5
2  36 12 4 0.500000000000002 3.5
4 G1 5 0 12 4
0

0101000
+96 0 -94 0 *
Wi

0101100
-124 0 +95 0 -93 0 +92 0 *
Fa
0  0 5 0

0111000
+91 0 *
Ve
1e-07
-7.49028350752789 3.75 5.34914819897691
0 0

0101101
*
Ed
 1e-07 1 1 0
1  18 0 0.288675134594814 11.2943523664642
2  37 7 0 0.288675134594814 11.2943523664642
2  38 6 4 0.288675134594814 11.2943523664642
4 G1 7 0 6 4
0

0101000
+89 0 -121 0 *
Ve
1e-07
-10.3093613698856 3.75 6.37520862895391
0 0

0101101
*
Ed
 1e-07 1 1 0
1  19 0 0.288675134594813 11.2943523664642
2  39 8 0 0.288675134594813 11.2943523664642
2  40 6 4 0.288675134594813 11.2943523664642
4 G1 8 0 6 4
0

0101000
+87 0 -120 0 *
Ed
 1e-07 1 1 0
1  20 0 0.500000000000002 3.5
2  41 13 0 0.500000000000002 3.5
2  42 6 4 0.500000000000002 3.5
4 G1 13 0 6 4
0

0101000
+89 0 -87 0 *
Wi

0101100
-119 4 -88 0 +86 0 +85 0 *
Fa
0  1e-07 6 0

0111000
+84 5 *
Ve
1e-07
-7.02043719713494 3.25 5.17813812731407
0 0

0101101
*
Ed
 1e-07 1 1 0
1  21 0 4.71238898038469 6.28318530717959
2  43 7 0 4.71238898038469 6.28318530717959
2  44 14 0 4.71238898038469 6.28318530717959
4 G1 14 0 7 0
0

0101000
+82 0 -89 0 *
Ed
 1e-07 1 1 0
1  22 0 0.288675134594813 11.2943523664642
2  45 7 0 0.288675134594813 11.2943523664642
2  46 9 4 0.288675134594813 11.2943523664642
4 G1 7 0 9 4
0

0101000
+82 0 -118 0 *
Wi

0101100
-81 0 +80 0 -88 0 -117 0 *
Fa
0  0 7 0

0111000
+79 0 *
Ve
1e-07
-10.7792076802786 3.25 6.54621870061675
0 0

0101101
*
Ed
 1e-07 1 1 0
1  23 0 4.71238898038469 6.28318530717959
2  47 8 0 4.71238898038469 6.28318530717959
2  48 15 0 4.71238898038469 6.28318530717959
4 G1 15 0 8 0
0

0101000
+77 0 -87 0 *
Ed
 1e-07 1 1 0
1  24 0 0.288675134594813 11.2943523664642
2  49 8 0 0.288675134594813 11.2943523664642
2  50 9 15 0.288675134594813 11.2943523664642
4 G1 8 0 9 15
0

0101000
+77 0 -116 0 *
Wi

0101100
-76 0 +75 0 -86 0 -115 0 *
Fa
0  0 8 0

0111000
+74 0 *
Ve
1e-07
-7.66219981804132 8.88178419700125e-16 3.41490981772376
0 0

0101101
*
Ed
 1e-07 1 1 0
1  25 0 0.288675134594812 4.04145188432738
2  51 16 0 0.288675134594812 4.04145188432738
2  52 9 4 0.288675134594812 4.04145188432738
4 G1 16 0 9 4
0

0101000
+72 0 -82 0 *
Ed
 1e-07 1 1 0
1  26 0 0.288675134594813 4.04145188432738
2  53 17 0 0.288675134594813 4.04145188432738
2  54 9 4 0.288675134594813 4.04145188432738
4 G1 17 0 9 4
0

0101000
+106 0 -72 0 *
Wi

0101100
+113 8 +80 0 +105 0 +71 0 +70 0 *
Fa
0  1e-07 9 0

0101000
+69 5 *
Ve
1e-07
-11.420970301185 8.88178419700125e-16 4.78299039102643
0 0

0101101
*
Ed
 1e-07 1 1 0
1  27 0 0.288675134594812 4.04145188432738
2  55 18 0 0.288675134594812 4.04145188432738
2  56 9 15 0.288675134594812 4.04145188432738
4 G1 18 0 9 15
0

0101000
+67 0 -77 0 *
Ed
 1e-07 1 1 0
1  28 0 0.288675134594813 4.04145188432738
2  57 19 0 0.288675134594813 4.04145188432738
2  58 9 15 0.288675134594813 4.04145188432738
4 G1 19 0 9 15
0

0101000
+101 0 -67 0 *
Wi

0101100
+111 12 +75 0 +100 0 +66 0 +65 0 *
Fa
0  1e-07 9 0

0101000
+64 16 *
Ed
 2.22044604925031e-16 1 1 1
2  59 10 0 0 1.0471975511966
0

0101000
+106 0 -106 0 *
Ed
 1e-07 1 1 0
1  29 0 4.71238898038469 6.28318530717959
2  60 17 0 4.71238898038469 6.28318530717959
2  61 10 0 4.71238898038469 6.28318530717959
4 G1 10 0 17 0
0

0101000
+106 0 -96 0 *
Wi

0101100
-104 0 +62 0 +61 0 -95 0 *
Fa
0  0 10 0

0111000
+60 0 *
Ed
 2.22044604925031e-16 1 1 1
2  62 11 0 0 1.0471975511966
0

0101000
+101 0 -101 0 *
Ed
 1e-07 1 1 0
1  30 0 4.71238898038469 6.28318530717959
2  63 19 0 4.71238898038469 6.28318530717959
2  64 11 0 4.71238898038469 6.28318530717959
4 G1 11 0 19 0
0

0101000
+101 0 -94 0 *
Wi

0101100
-99 0 +58 0 +57 0 -93 0 *
Fa
0  0 11 0

0111000
+56 0 *
Ve
1e-07
-8.28014519479729 -0.249999999999999 3.17902104871191
0 0

0101101
*
Ed
 1e-07 1 1 0
1  31 0 0.288675134594813 4.04145188432738
2  65 17 0 0.288675134594813 4.04145188432738
2  66 12 4 0.288675134594813 4.04145188432738
4 G1 17 0 12 4
0

0101000
+96 0 -54 0 *
Ve
1e-07
-11.099223057155 -0.249999999999999 4.20508147868892
0 0

0101101
*
Ed
 1e-07 1 1 0
1  32 0 0.288675134594813 4.04145188432738
2  67 19 0 0.288675134594813 4.04145188432738
2  68 12 4 0.288675134594813 4.04145188432738
4 G1 19 0 12 4
0

0101000
+94 0 -52 0 *
Ed
 1e-07 1 1 0
1  33 0 0.500000000000002 3.5
2  69 20 0 0.500000000000002 3.5
2  70 12 4 0.500000000000002 3.5
4 G1 20 0 12 4
0

0101000
+54 0 -52 0 *
Wi

0101100
+92 0 -53 0 +51 0 -50 0 *
Fa
0  1e-07 12 0

0111000
+49 5 *
Ve
1e-07
-7.6383825738909 3.5 4.94224935830222
0 0

0101101
*
Ve
1e-07
-10.4574604362486 3.5 5.96830978827923
0 0

0101101
*
Ed
 1e-07 1 1 0
1  34 0 0.500000000000002 3.5
2  71 13 0 0.500000000000002 3.5
2  72 21 4 0.500000000000002 3.5
4 G1 13 0 21 4
0

0101000
+47 0 -46 0 *
Ed
 1e-07 1 1 0
1  35 0 0 1.0471975511966
2  73 13 0 0 1.0471975511966
2  74 14 0 0 1.0471975511966
4 G1 14 0 13 0
0

0101000
+47 0 -89 0 *
Ed
 1e-07 1 1 0
1  36 0 0 1.0471975511966
2  75 13 0 0 1.0471975511966
2  76 15 0 0 1.0471975511966
4 G1 15 0 13 0
0

0101000
+46 0 -87 0 *
Wi

0101100
-45 0 +44 0 -43 0 +85 0 *
Fa
0  0 13 0

0111000
+42 0 *
Ed
 1e-07 1 1 0
1  37 0 4.71238898038469 6.28318530717959
2  77 16 0 4.71238898038469 6.28318530717959
2  78 14 0 4.71238898038469 6.28318530717959
4 G1 14 0 16 0
0

0101000
+82 0 -47 0 *
Ed
 2.22044604925031e-16 1 1 1
2  79 14 0 0 1.0471975511966
0

0101000
+82 0 -82 0 *
Wi

0101100
-40 0 +39 0 +81 0 -44 0 *
Fa
0  0 14 0

0111000
+38 0 *
Ed
 1e-07 1 1 0
1  38 0 4.71238898038469 6.28318530717959
2  80 18 0 4.71238898038469 6.28318530717959
2  81 15 0 4.71238898038469 6.28318530717959
4 G1 15 0 18 0
0

0101000
+77 0 -46 0 *
Ed
 2.22044604925031e-16 1 1 1
2  82 15 0 0 1.0471975511966
0

0101000
+77 0 -77 0 *
Wi

0101100
-36 0 +35 0 +76 0 -43 0 *
Fa
0  0 15 0

0111000
+34 0 *
Ve
1e-07
-8.28014519479729 0.250000000000001 3.17902104871191
0 0

0101101
*
Ed
 1e-07 1 1 0
1  39 0 4.71238898038469 6.28318530717959
2  83 16 0 4.71238898038469 6.28318530717959
2  84 22 0 4.71238898038469 6.28318530717959
4 G1 22 0 16 0
0

0101000
+72 0 -32 0 *
Ed
 1e-07 1 1 0
1  40 0 0.288675134594814 4.04145188432738
2  85 16 0 0.288675134594814 4.04145188432738
2  86 21 4 0.288675134594814 4.04145188432738
4 G1 16 0 21 4
0

0101000
+32 0 -47 0 *
Wi

0101100
-31 0 +71 0 -30 0 +40 0 *
Fa
0  0 16 0

0111000
+29 0 *
Ed
 1e-07 1 1 0
1  41 0 4.71238898038469 6.28318530717959
2  87 17 0 4.71238898038469 6.28318530717959
2  88 22 0 4.71238898038469 6.28318530717959
4 G1 22 0 17 0
0

0101000
+72 0 -54 0 *
Wi

0101100
-61 0 +70 0 -53 0 +27 0 *
Fa
0  0 17 0

0111000
+26 0 *
Ve
1e-07
-11.099223057155 0.250000000000001 4.20508147868892
0 0

0101101
*
Ed
 1e-07 1 1 0
1  42 0 4.71238898038469 6.28318530717959
2  89 18 0 4.71238898038469 6.28318530717959
2  90 23 0 4.71238898038469 6.28318530717959
4 G1 23 0 18 0
0

0101000
+67 0 -24 0 *
Ed
 1e-07 1 1 0
1  43 0 0.288675134594815 4.04145188432738
2  91 18 0 0.288675134594815 4.04145188432738
2  92 21 4 0.288675134594815 4.04145188432738
4 G1 18 0 21 4
0

0101000
+24 0 -46 0 *
Wi

0101100
-23 0 +66 0 -22 0 +36 0 *
Fa
0  0 18 0

0111000
+21 0 *
Ed
 1e-07 1 1 0
1  44 0 4.71238898038469 6.28318530717959
2  93 19 0 4.71238898038469 6.28318530717959
2  94 23 0 4.71238898038469 6.28318530717959
4 G1 23 0 19 0
0

0101000
+67 0 -52 0 *
Wi

0101100
-57 0 +65 0 -51 0 +19 0 *
Fa
0  0 19 0

0111000
+18 0 *
Ed
 1e-07 1 1 0
1  45 0 0 1.0471975511966
2  95 20 0 0 1.0471975511966
2  96 22 0 0 1.0471975511966
4 G1 22 0 20 0
0

0101000
+54 0 -32 0 *
Ed
 1e-07 1 1 0
1  46 0 0 1.0471975511966
2  97 20 0 0 1.0471975511966
2  98 23 0 0 1.0471975511966
4 G1 23 0 20 0
0

0101000
+52 0 -24 0 *
Ed
 1e-07 1 1 0
1  47 0 0.500000000000002 3.5
2  99 20 0 0.500000000000002 3.5
2  100 21 4 0.500000000000002 3.5
4 G1 20 0 21 4
0

0101000
+32 0 -24 0 *
Wi

0101100
-50 0 +16 0 -15 0 +14 0 *
Fa
0  0 20 0

0111000
+13 0 *
Wi

0101100
+14 0 -30 0 +22 0 -45 0 *
Fa
0  1e-07 21 0

0111000
+11 5 *
Ed
 2.22044604925031e-16 1 1 1
2  101 22 0 0 1.0471975511966
0

0101000
+72 0 -72 0 *
Wi

0101100
-27 0 +9 0 +31 0 -16 0 *
Fa
0  0 22 0

0111000
+8 0 *
Ed
 2.22044604925031e-16 1 1 1
2  102 23 0 0 1.0471975511966
0

0101000
+67 0 -67 0 *
Wi

0101100
-19 0 +6 0 +23 0 -15 0 *
Fa
0  0 23 0

0111000
+5 0 *
Sh

0101100
+122 4 +107 4 -102 0 +97 0 -90 0 +83 4 -78 0 +73 0 +68 4 -63 15 
-59 0 +55 0 +48 4 -41 0 -37 0 +33 0 -28 0 -25 0 +20 0 +17 0 
-12 0 +10 4 -7 0 +4 0 *
So

0100000
+3 0 *
Co

1100000
+2 0 *

+1 1 ]]>
      </Part>
      <ElementMap count="104">
<![CDATA[
Edge1	#2c;:M;FLT;:T2860:3:E 3 12 28 44
Edge10	#39;:U;FLT;:T2860:3:E 3 22 27 57
Edge11	#3a;:U4;FLT;:T2860:3:E 4 26 36 40 58
Edge12	#39;:U3;FLT;:T2860:3:E 3 22 27 57
Edge13	#39;:U4;FLT;:T2860:3:E 3 22 27 57
Edge14	#3b;:U2;FLT;:T2860:3:E 4 27 37 49 59
Edge15	#3c;:U;FLT;:T2860:3:E 5 14 30 45 50 60
Edge16	#3d;:U4;FLT;:T2860:3:E 3 14 30 61
Edge17	#3e;:U3;FLT;:T2860:3:E 4 14 30 45 62
Edge18	#3f;:U;FLT;:T2860:3:E 4 23 33 42 63
Edge19	#40;:U3;FLT;:T2860:3:E 3 25 35 64
Edge2	#39;:U2;FLT;:T2860:3:E 3 22 27 57
Edge20	#41;:U2;FLT;:T2860:3:E 4 25 35 39 65
Edge21	#41;:U3;FLT;:T2860:3:E 4 25 35 39 65
Edge22	#42;:U3;FLT;:T2860:3:E 3 18 32 66
Edge23	#40;:U2;FLT;:T2860:3:E 3 25 35 64
Edge24	#43;:U3;FLT;:T2860:3:E 5 18 32 47 51 67
Edge25	#3b;:U;FLT;:T2860:3:E 4 27 37 49 59
Edge26	#44;:U2;FLT;:T2860:3:E 3 24 34 68
Edge27	#45;:U2;FLT;:T2860:3:E 3 23 33 69
Edge28	#3b;:U3;FLT;:T2860:3:E 4 27 37 49 59
Edge29	#3b;:U4;FLT;:T2860:3:E 4 27 37 49 59
Edge3	#46;:U2;FLT;:T2860:3:E 4 22 27 41 70
Edge30	#3d;:U2;FLT;:T2860:3:E 3 14 30 61
Edge31	#3d;:U3;FLT;:T2860:3:E 3 14 30 61
Edge32	#3c;:U2;FLT;:T2860:3:E 5 14 30 45 50 60
Edge33	#3c;:U3;FLT;:T2860:3:E 5 14 30 45 50 60
Edge34	#45;:U3;FLT;:T2860:3:E 3 23 33 69
Edge35	#3f;:U3;FLT;:T2860:3:E 4 23 33 42 63
Edge36	#3f;:U4;FLT;:T2860:3:E 4 23 33 42 63
Edge37	#47;:U4;FLT;:T2860:3:E 4 24 34 38 71
Edge38	#42;:U4;FLT;:T2860:3:E 3 18 32 66
Edge39	#48;:U3;FLT;:T2860:3:E 4 18 32 47 72
Edge4	#46;:U3;FLT;:T2860:3:E 4 22 27 41 70
Edge40	#42;:U;FLT;:T2860:3:E 3 18 32 66
Edge41	#42;:U2;FLT;:T2860:3:E 3 18 32 66
Edge42	#43;:U;FLT;:T2860:3:E 5 18 32 47 51 67
Edge43	#43;:U2;FLT;:T2860:3:E 5 18 32 47 51 67
Edge44	#49;:U3;FLT;:T2860:3:E 3 16 31 73
Edge45	#44;:U3;FLT;:T2860:3:E 3 24 34 68
Edge46	#49;:U;FLT;:T2860:3:E 3 16 31 73
Edge47	#4a;:U;FLT;:T2860:3:E 5 24 34 38 52 74
Edge48	#47;:U3;FLT;:T2860:3:E 4 24 34 38 71
Edge49	#4b;:U4;FLT;:T2860:3:E 5 23 33 42 53 75
Edge5	#2b;:M;FLT;:T2860:3:E 3 20 29 43
Edge50	#49;:U4;FLT;:T2860:3:E 3 16 31 73
Edge51	#4c;:U3;FLT;:T2860:3:E 4 16 31 46 76
Edge52	#47;:U;FLT;:T2860:3:E 4 24 34 38 71
Edge53	#49;:U2;FLT;:T2860:3:E 3 16 31 73
Edge54	#4d;:U2;FLT;:T2860:3:E 5 16 31 46 54 77
Edge6	#40;:U4;FLT;:T2860:3:E 3 25 35 64
Edge7	#3a;:U2;FLT;:T2860:3:E 4 26 36 40 58
Edge8	#24;:M;FLT;:T2860:3:E 2 26 36
Edge9	#30;:M;FLT;:T2860:3:E 4 26 36 40 48
Face1	#29;:M;FLT;:T2860:3:F 3 22 27 41
Face10	#31;:M;FLT;:T2860:3:F 3 27 37 49
Face11	#1e;:G;FLT;:T2860:3:F 2 14 30
Face12	#32;:G;FLT;:T2860:3:F 4 14 30 45 50
Face13	#2a;:M;FLT;:T2860:3:F 3 23 33 42
Face14	#2f;:G;FLT;:T2860:3:F 3 18 32 47
Face15	#20;:G;FLT;:T2860:3:F 2 18 32
Face16	#33;:G;FLT;:T2860:3:F 4 18 32 47 51
Face17	#22;:G;FLT;:T2860:3:F 2 24 34
Face18	#21;:G;FLT;:T2860:3:F 2 23 33
Face19	#34;:G;FLT;:T2860:3:F 4 24 34 38 52
Face2	#28;:M;FLT;:T2860:3:F 3 26 36 40
Face20	#35;:G;FLT;:T2860:3:F 4 23 33 42 53
Face21	#2e;:G;FLT;:T2860:3:F 3 16 31 46
Face22	#26;:M;FLT;:T2860:3:F 3 24 34 38
Face23	#1f;:G;FLT;:T2860:3:F 2 16 31
Face24	#36;:G;FLT;:T2860:3:F 4 16 31 46 54
Face3	#1b;:G;FLT;:T2860:3:F 2 22 27
Face4	#37;:G;FLT;:T2860:3:F 4 22 27 41 55
Face5	#2d;:G;FLT;:T2860:3:F 3 14 30 45
Face6	#27;:M;FLT;:T2860:3:F 3 25 35 39
Face7	#23;:G;FLT;:T2860:3:F 2 25 35
Face8	#38;:G;FLT;:T2860:3:F 4 25 35 39 56
Face9	#25;:M;FLT;:T2860:3:F 2 27 37
Vertex1	#4e;:U;FLT;:T2860:3:V 4 12 28 44 78
Vertex10	#4f;:U2;FLT;:T2860:3:V 5 26 36 40 48 79
Vertex11	#50;:U2;FLT;:T2860:3:V 4 22 27 57 80
Vertex12	#51;:U2;FLT;:T2860:3:V 5 27 37 49 59 81
Vertex13	#52;:U2;FLT;:T2860:3:V 4 14 30 61 82
Vertex14	#53;:U2;FLT;:T2860:3:V 6 14 30 45 50 60 83
Vertex15	#54;:U;FLT;:T2860:3:V 4 25 35 64 84
Vertex16	#55;:U;FLT;:T2860:3:V 5 25 35 39 65 85
Vertex17	#56;:U;FLT;:T2860:3:V 4 25 35 64 86
Vertex18	#57;:U2;FLT;:T2860:3:V 5 27 37 49 59 87
Vertex19	#58;:U;FLT;:T2860:3:V 4 24 34 68 88
Vertex2	#4e;:U2;FLT;:T2860:3:V 4 12 28 44 78
Vertex20	#57;:U;FLT;:T2860:3:V 5 27 37 49 59 87
Vertex21	#59;:U;FLT;:T2860:3:V 5 23 33 42 63 89
Vertex22	#5a;:U2;FLT;:T2860:3:V 5 23 33 42 63 90
Vertex23	#5b;:U;FLT;:T2860:3:V 4 18 32 66 91
Vertex24	#5c;:U2;FLT;:T2860:3:V 6 18 32 47 51 67 92
Vertex25	#5d;:U;FLT;:T2860:3:V 4 24 34 68 93
Vertex26	#5e;:U;FLT;:T2860:3:V 5 24 34 38 71 94
Vertex3	#5f;:U2;FLT;:T2860:3:V 4 22 27 57 95
Vertex4	#60;:U2;FLT;:T2860:3:V 6 14 30 45 50 60 96
Vertex5	#61;:U;FLT;:T2860:3:V 4 20 29 43 97
Vertex6	#61;:U2;FLT;:T2860:3:V 4 20 29 43 97
Vertex7	#62;:U;FLT;:T2860:3:V 3 26 36 98
Vertex8	#4f;:U;FLT;:T2860:3:V 5 26 36 40 48 79
Vertex9	#62;:U2;FLT;:T2860:3:V 3 26 36 98
]]>
      </ElementMap>
    </Property>
    <Property name="Visibility" type="App::PropertyBool" status="648">
      <Bool value="false"/>
    </Property>
  </Properties>
</Object>
</Document>
