<?xml version='1.0' encoding='utf-8'?>
<!-- FreeCAD DocumentObject -->
<Document SchemaVersion="4" FileVersion="2">
<Object name="Fusion">
  <Properties Count="9" TransientCount="2">
    <_Property name="History" type="Part::PropertyShapeHistory" status="234881024"/>
    <_Property name="_ElementMapVersion" type="App::PropertyString" status="234881024"/>
    <Property name="ColoredElements" type="App::PropertyLinkSubHidden" status="218103808">
      <LinkSub value="" count="0">
      </LinkSub>
    </Property>
    <Property name="ExpressionEngine" type="App::PropertyExpressionEngine" status="67108864">
      <ExpressionEngine count="0"></ExpressionEngine>
    </Property>
    <Property name="Label" type="App::PropertyString" status="134217728">
      <String value="TimingGear Features"/>
    </Property>
    <Property name="Label2" type="App::PropertyString" status="128">
      <String value=""/>
    </Property>
    <Property name="Placement" type="App::PropertyPlacement" status="8388608">
      <PropertyPlacement Px="0" Py="0" Pz="0" Q0="0" Q1="0" Q2="0" Q3="1" A="0" Ox="0" Oy="0" Oz="1"/>
    </Property>
    <Property name="Refine" type="App::PropertyBool">
      <Bool value="false"/>
    </Property>
    <Property name="Shape" type="Part::PropertyPartShape">
      <Part HasherIndex="0" ElementMap="1.15.70200.3.0" brep="1">
<![CDATA[

CASCADE Topology V1, (c) Matra-Datavision
Locations 62
1
              1               0               0               0 
              0               1               0               0 
              0               0               1               0 
1
              1               0               0               0 
              0               1               0               0 
              0               0               1               0 
1
              1               0               0               0 
              0               1               0               0 
              0               0               1               0 
2  2 1 3 1 0
1
              1               0               0               0 
              0               1               0               0 
              0               0               1               0 
1
              1               0               0               0 
              0               1               0               0 
              0               0               1       -2.26e-14 
1
              1               0               0               0 
              0               1               0               0 
              0               0               1               0 
1
              1               0               0               0 
              0               1               0               0 
              0               0               1               0 
1
              1               0               0               0 
              0               1               0               0 
              0               0               1               0 
2  5 1 6 1 7 -1 8 -1 9 -1 2 -1 0
1
              1               0               0               0 
              0               1               0               0 
              0               0               1               0 
1
              1               0               0               0 
              0               1               0               0 
              0               0               1       -2.26e-14 
1
              1               0               0               0 
              0               1               0               0 
              0               0               1               0 
1
              1               0               0               0 
              0               1               0               0 
              0               0               1               0 
1
              1               0               0               0 
              0               1               0               0 
              0               0               1               0 
2  11 1 12 1 13 -1 14 -1 15 -1 2 -1 0
1
              1               0               0               0 
              0               1               0               0 
              0               0               1               0 
1
              1               0               0               0 
              0               1               0               0 
              0               0               1       -2.26e-14 
1
              1               0               0               0 
              0               1               0               0 
              0               0               1               0 
1
              1               0               0               0 
              0               1               0               0 
              0               0               1               0 
1
              1               0               0               0 
              0               1               0               0 
              0               0               1               0 
2  17 1 18 1 19 -1 20 -1 21 -1 2 -1 0
1
              1               0               0               0 
              0               1               0               0 
              0               0               1               0 
1
              1               0               0               0 
              0               1               0               0 
              0               0               1       -2.26e-14 
1
              1               0               0               0 
              0               1               0               0 
              0               0               1               0 
2  23 1 24 1 25 -1 1 -1 3 -1 2 -1 0
1
              1               0               0               0 
              0               1               0               0 
              0               0               1              10 
1
              1               0               0               0 
              0               1               0               0 
              0               0               1               0 
1
              1               0               0               0 
              0               1               0               0 
              0               0               1       -2.26e-14 
1
              1               0               0               0 
              0               1               0               0 
              0               0               1               0 
1
              1               0               0               0 
              0               1               0               0 
              0               0               1               0 
1
              1               0               0               0 
              0               1               0               0 
              0               0               1               0 
2  27 1 28 1 29 1 30 -1 31 -1 32 -1 2 -1 0
2  27 1 5 1 6 1 7 -1 8 -1 9 -1 2 -1 0
2  27 1 11 1 12 1 13 -1 14 -1 15 -1 2 -1 0
2  27 1 17 1 18 1 19 -1 20 -1 21 -1 2 -1 0
2  27 1 23 1 24 1 25 -1 1 -1 3 -1 2 -1 0
1
              1               0               0               0 
              0               1               0               0 
              0               0               1               0 
1
0.342020143325669               0 -0.939692620785908               0 
              0               1               0               0 
0.939692620785908               0 0.342020143325669               4 
2  38 1 39 1 0
1
              1               0               0               0 
              0               1               0               0 
              0               0               1               0 
1
              1               0               0               0 
              0               1               0               0 
              0               0               1               0 
1
              1               0               0               0 
              0               1               0               0 
              0               0               1               0 
1
              1               0               0               0 
              0               1               0               0 
              0               0               1               0 
2  41 1 42 1 43 1 44 1 0
2  39 -1 38 -1 0
1
              1               0               0               0 
              0               1               0               0 
              0               0               1               0 
1
0.342020143325669               0 0.939692620785909 -6.57784834550136 
              0              -1               0               0 
0.939692620785909               0 -0.342020143325669 6.39414100327968 
2  47 1 48 1 41 1 42 1 43 1 44 1 0
2  48 -1 47 -1 0
2  42 -1 41 -1 48 -1 47 -1 0
2  43 1 44 1 0
2  41 1 42 1 0
2  42 -1 41 -1 0
2  47 1 48 1 41 1 42 1 0
1
              1               0               0 -3.75877048314363 
              0               1               0              -0 
              0               0               1 1.36808057330268 
2  47 1 48 1 56 1 41 1 42 1 0
2  56 -1 48 -1 47 -1 0
2  42 -1 41 -1 56 -1 48 -1 47 -1 0
2  56 1 41 1 42 1 0
2  56 1 41 1 42 1 43 1 44 1 0
2  47 1 48 1 56 1 41 1 42 1 43 1 44 1 0
Curve2ds 127
1 6.2831853071795862 -0 0 1 
1 0 -0 0 1 
1 0 0 1 0 
2 0 0 1 0 -0 1 4
2 4.6212651305669414e-09 -0.0045372519535844761 1 0 -0 1 4
2 4.6212651305669414e-09 -0.0045372519535844761 1 0 -0 1 4
2 4.6212651305669414e-09 -0.0045372519535844761 1 0 -0 1 4
2 4.6212651305669414e-09 -0.0045372519535844761 1 0 -0 1 4
1 0 10 1 0 
2 0 0 1 0 -0 1 4
2 4.6212651305669414e-09 -0.0045372519535844761 1 0 -0 1 4
2 4.6212651305669414e-09 -0.0045372519535844761 1 0 -0 1 4
2 4.6212651305669414e-09 -0.0045372519535844761 1 0 -0 1 4
2 4.6212651305669414e-09 -0.0045372519535844761 1 0 -0 1 4
2 4.6212651305669414e-09 -0.0045372519535844761 1 0 -0 1 4
7 0 0  6 112 23  3.1415926535897931 7.5842364820166353  3.1208211769354453 7.5842364721966034  3.1001038038613178 7.5790748749746868  3.0795887728508675 7.5688023532203994  3.0594252564986246 7.5536693640655086  3.0397645584777933 7.5341304633026978  3.0088098796116776 7.4962062989592191  2.9970975202838219 7.4800579164395229  2.9856307375740241 7.462517213878626  2.974415758277388 7.4436982232319666  2.9634585309343948 7.423715256756938  2.9373628480532896 7.3723908194913301  2.9225014917852463 7.3399105483342995  2.9081671687917403 7.3055201724155792  2.8943451420721362 7.2694588768796295  2.8810191986324614 7.2319271779361225  2.8577604433128609 7.161613784040135  2.8476612008184969 7.1292744946073272  2.8378643868568196 7.0961543988046225  2.8283606286883081 7.0623240737936479  2.8191404887516929 7.0278395544490495  2.7824548978765797 6.8839139086925458  2.757299451445379 6.7689938956163926  2.734580442997558 6.6496289725547397  2.7141660562846037 6.5266934146376352  2.6959788117423411 6.4005178350774559  2.664354368698997 6.1438694899998367  2.6508627959669298 6.0136598630212106  2.6396204729161354 5.8809653571877529  2.6307410326807443 5.7461555928132322  2.6243866260874364 5.6095567675780824  2.618855063683672 5.3982416615531719  2.6177098725451167 5.3245705988190144  2.6173711887080198 5.2506299681705322  2.6178718406186534 5.1765339757541842  2.6192445373676043 5.1023959025242478  2.6273565972422919 4.8386058702801549  2.6391450604649207 4.6488293026700127  2.6574517524862968 4.4626049034421138  2.6825334931752818 4.2832847916444701  2.7143427922975563 4.1144321238802988  2.7743699657766072 3.8723643817894899  2.7982392358576278 3.7892680217325645  2.8241186204609576 3.7117719701596488  2.851897864588929 3.6407340839768345  2.881442521035098 3.5770168199967287  2.9249686972134765 3.4994615638036297  2.9375867567383089 3.4787231946888504  2.9504399543541893 3.459346379030555  2.9635121700320526 3.4413898400057303  2.9767867601590634 3.4249076046320113  3.0144308429778657 3.3830725818762719  3.0392275928987487 3.3610998220220654  3.0644923376859672 3.3443801083705051  3.0900760770841202 3.3331478644528847  3.1158270744684202 3.3275253921129857  3.1593436754318351 3.3275253921129857  3.1770925053927193 3.3301940499894336  3.1947864907067718 3.3355297920106195  3.212373899498989 3.3435041308414157  3.229803434815278 3.3540610856038993  3.2687035311317048 3.3835530476930451  3.2900445582336553 3.4039443335648301  3.3109726855931219 3.4281375033884185  3.3314169009518371 3.4559474266596286  3.3513091117104348 3.4871537333460054  3.4016094881281247 3.5767793086250257  3.4310344411769709 3.640188727958698  3.4587096237662052 3.7108596320052363  3.484502326351977 3.7879406334272314  3.5083035507134093 3.8705849841824076  3.5682808105309118 4.1116763470467008  3.6001185118267691 4.2800097574225626  3.625258103997191 4.4588110595789097  3.6436500034679633 4.6445352792445869  3.6555460230312224 4.8338501014151127  3.6638844884972728 5.0988751220544977  3.6653191581540092 5.1746546156314004  3.6658419870122967 5.2503929812555414  3.6654878971393354 5.3259696513980055  3.6642919102822353 5.401263082476774  3.6586070350928082 5.6138736434055598  3.652198748263249 5.7501598031300336  3.6432790295083546 5.8846547483828626  3.632008281778452 6.0170362772389669  3.6184985275970476 6.1469381154153382  3.5867733874562595 6.4036453031104115  3.5684819159307026 6.5301471272326426  3.5479488666742163 6.653385364226609  3.525094028576687 6.7730239776371528  3.4997831807959527 6.8881684460139958  3.4628343501657954 7.0323996326045846  3.4535222781299502 7.0670380938375095  3.4439220003625892 7.1010089633673319  3.4340238652988133 7.1342542060713798  3.4238183001614595 7.1667007682163026  3.4006819254115896 7.2360930224901674  3.3876091862392972 7.272661540928226  3.3740610092820127 7.3078118198214943  3.3600224069522735 7.3413544617932445  3.3454797533297262 7.3730648460050938  3.3197267717710677 7.4237152655565488  3.3087695504202679 7.4436982222505108  3.2975545743903987 7.4625172063477718  3.2860877879425199 7.4800579133809917  3.274375422504642 7.4962063051624881  3.243420748889752 7.5341304630724224  3.2237600506352795 7.5536693642216299  3.2035965341315844 7.5688023533369355  3.1830815032584714 7.579074874881834  3.162364130449598 7.5842364721966034  3.1415926535897931 7.5842364820166353 
 0 7 0.031903807471529579 5 0.051968595918458732 5 0.080867141974095114 5 0.10428459148011721 5 0.1768967260095049 5 0.24830157241156381 5 0.28621323300804113 5 0.38332441956865448 5 0.438626818717751 5 0.46057700383847239 5 0.50001665358480407 5 0.52718833409668786 5 0.56139654473959344 5 0.61645950774165348 5 0.71336458117372092 5 0.75211123604676866 5 0.82337018513606131 5 0.89620646647755065 5 0.91977699010139269 5 0.94803211285013622 5 0.96809662254879725 5 1 7
7 0 0  6 112 23  0 4.9846515584360551  0.041542953308696597 4.9846515532015196  0.082977762762382237 4.98094035801173  0.12410444829023863 4.9735530677839392  0.16471943795422148 4.9626917946614348  0.20459745929088521 4.9487180907767607  0.26792311872727115 4.9217225361759196  0.29201933741183561 4.9102532265934391  0.31576232807563603 4.8978290076663074  0.33915038238307033 4.8845415495860847  0.36217984229419953 4.8704826273370969  0.41748900245512138 4.8345168142598851  0.44938992816826223 4.8118715061654802  0.48059611189417262 4.7880367679265463  0.51115273484039581 4.7632117952007267  0.54110507067540581 4.737566643125974  0.59432263882577885 4.68991110508383  0.6177840119559399 4.6681293618834987  0.64091085561616568 4.6459714990928092  0.66372903376830295 4.6235013744692806  0.68626516958236083 4.6007724364907361  0.77763638647849775 4.5066814398768136  0.84440737556520828 4.4333301138213876  0.90938490903812197 4.3593500876308413  0.97308714597955026 4.2857395627998551  1.0360508359195597 4.2131668812892782  1.1606190075666396 4.0724503511802599  1.2221522730961434 4.0043389455265999  1.2837907972593423 3.9386812972924368  1.3458501840259949 3.8762140575114414  1.4086606815307028 3.8176606983272663  1.5065350934938835 3.7350408285150158  1.5407862009723567 3.7076875757758998  1.575371422440796 3.6817578803979552  1.6103212639552036 3.6573610961728611  1.6456715696840061 3.6345887116431252  1.7731497069104813 3.5595196269612135  1.867992157987147 3.5164991078159566  1.9659235394077399 3.4862214838220118  2.0671466337993727 3.4688571044545431  2.1719179549120762 3.4625582253498512  2.3423888040674328 3.4653394136019711  2.4054927883924146 3.4689658574935947  2.4698322516053861 3.4746567415858425  2.5354086702940637 3.4817160284422459  2.6022387015562178 3.4893968124633528  2.6973894369630673 3.5000088892017125  2.7246198452576813 3.5030100902721379  2.752034073604019 3.5059517272640179  2.7796224950406057 3.5087897916908042  2.8073763560052694 3.5114831370367781  2.8854373164201275 3.5185078438430444  2.9361246732236186 3.522437629603163  2.9872074210761492 3.5255577064430921  3.0385594113544783 3.5276996670136671  3.0900614953470469 3.528770621371244  3.1770946972738776 3.528770621371244  3.2125923656433417 3.5282621187040584  3.2480407249712182 3.5272451206027746  3.283396693124907 3.525740214076023  3.3186160016255002 3.5237866195472676  3.3977569545028232 3.5184862390533262  3.4415558106479591 3.5149106637596321  3.4850066336038132 3.5108211658517607  3.5280686406769703 3.5063603284321303  3.5706956800193517 3.5016929999597739  3.680655208459664 3.4894293117293795  3.7472044007520946 3.4817817921164491  3.8125103551067414 3.474747490994496  3.8765897258061202 3.4690635485246499  3.9394442052213505 3.4654174975849306  4.1094977445224323 3.4624904759034587  4.214103144064933 3.468632278609769  4.3151713747243186 3.4857666180975331  4.4129578409994679 3.5157443182226498  4.5076652762983995 3.5584179286105733  4.6358397627803276 3.6334908646563888  4.6719856610884314 3.6567077440669755  4.7077123459198527 3.6816241544728014  4.7430583220585723 3.7081427345100906  4.7780562715820443 3.7361466851899543  4.876511265223292 3.8194941051954396  4.9391780267119181 3.8780367603388095  5.0011023924634967 3.9404621696513744  5.0626134381288077 4.0060517898298409  5.1240258013177638 4.0740741664847855  5.2486836654593843 4.2149429001205823  5.3118561718294464 4.2877685637608467  5.3757815468251016 4.3616272819615931  5.4410034475671765 4.4358440434712643  5.5080443903788776 4.509404201645653  5.5998871992638435 4.6037741458481642  5.6226018380769167 4.626624256260417  5.6456050195179133 4.6492072923411003  5.668923536295563 4.6714683274662763  5.6925833967942028 4.6933416732496918  5.7454136567800935 4.7404140521736942  5.7747524902000693 4.7654170109817136  5.8046722262162938 4.789625221233492  5.8352149366332577 4.8128782605646707  5.8664226612592572 4.8349891411453729  5.9210054743681821 4.8704826335034612  5.9440349217803723 4.8845415488602315  5.9674229691526781 4.8978290023524975  5.991165967451928 4.9102532244670281  6.0152621988105119 4.9217225405915883  6.0785878475041857 4.9487180906128438  6.1184658693222813 4.9626917947726072  6.1590808592876298 4.9735530678669875  6.2002075445331597 4.9809403579457241  6.2416423534599765 4.9846515532015196  6.2831853071795862 4.9846515584360551 
 0 7 0.031903807471529579 5 0.051968595918458732 5 0.080867141974095114 5 0.10428459148011721 5 0.1768967260095049 5 0.24830157241156381 5 0.28621323300804113 5 0.38332441956865448 5 0.438626818717751 5 0.46057700383847239 5 0.50001665358480407 5 0.52718833409668786 5 0.56139654473959344 5 0.61645950774165348 5 0.71336458117372092 5 0.75211123604676866 5 0.82337018513606131 5 0.89620646647755065 5 0.91977699010139269 5 0.94803211285013622 5 0.96809662254879725 5 1 7
1 0 7.0000000000000018 1 0 
2 -3.653423314828534 -0 1 0 0 -1 2
1 6.2831853071795862 -0 0 1 
1 0 -0 0 1 
1 6.0582106851714705 -3.7500000000000018 0 1 
1 0 0 1 0 
1 1.5707963267948966 0 0 1 
1 -5.2361416812927342 -3.2500000000000022 1 0 
1 1.5707963267948966 0 0 1 
1 6.0582106851714705 3.2500000000000022 -1 -0 
1 1.570796326794897 0 0 1 
1 -6.9681924888616127 0.25 0.49999999999999994 -0.86602540378443871 
1 1.570796326794897 0 0 1 
1 -4.8031289794005154 3.5000000000000027 -0.49999999999999994 -0.86602540378443871 
1 11.294352366464205 -4.4408920985006262e-16 2.7755575615628914e-16 -1 
1 0 0 0 -1 
1 -1.5707963267948957 11.294352366464203 1 0 
2 0.49999999999999956 -0.50000000000000122 0 -1 -1 -0 0.5
1 -4.7123889803846897 11.294352366464205 1 0 
2 0.49999999999999956 -3.5000000000000004 0 -1 1 0 0.5
1 0 -4.0000000000000009 1 0 
1 6.0582106851714705 -3.7500000000000018 0 1 
1 -4.7123889803846897 0 1 0 
2 7.0000000000000036 -0.49999999999999994 0 1 -1 0 0.5
1 -1.5707963267948966 0 1 0 
2 7.0000000000000036 -3.4999999999999996 0 1 1 -0 0.5
1 0 0 -2.7755575615628914e-16 -1 
1 7.5000000000000036 0 0 -1 
8 4.7123889803846897 6.2831853071795862
1 6.2831853071795862 0.28867513459481259 -1 -0 
8 4.7123889803846897 6.2831853071795862
1 1.0471975511965959 -6.2831853071795862 0 1 
1 0 0 0 1 
1 -4.4408920985006262e-16 -0.50000000000000178 1 0 
1 0 0 0 1 
1 0 -0.49999999999999822 1 0 
8 4.7123889803846897 6.2831853071795862
1 6.2831853071795862 11.005677231869392 -1 -0 
8 4.7123889803846897 6.2831853071795862
1 0 -6.2831853071795862 0 1 
8 4.7123889803846897 6.2831853071795862
1 6.2831853071795862 0.28867513459481237 -1 -0 
8 4.7123889803846897 6.2831853071795862
1 1.0471975511965981 -6.2831853071795862 0 1 
1 0 0 0 1 
1 -2.2204460492503131e-16 -0.50000000000000178 1 0 
8 4.7123889803846897 6.2831853071795862
1 6.2831853071795862 4.0414518843273823 -1 -0 
8 4.7123889803846897 6.2831853071795862
1 0 -6.2831853071795862 0 1 
8 4.7123889803846897 6.2831853071795862
1 6.2831853071795862 0.28867513459481337 -1 -0 
8 4.7123889803846897 6.2831853071795862
1 1.047197551196599 -6.2831853071795862 0 1 
1 0 0 0 1 
1 8.8817841970012523e-16 -0.50000000000000178 1 0 
8 4.7123889803846897 6.2831853071795862
1 6.2831853071795862 4.0414518843273823 -1 -0 
8 4.7123889803846897 6.2831853071795862
1 0 -6.2831853071795862 0 1 
1 0 0 0 1 
1 8.8817841970012523e-16 -3.5000000000000036 1 0 
1 1.0471975511965979 0 0 1 
1 0.28867513459481309 0 2.7755575615628914e-16 -1 
8 4.7123889803846897 6.2831853071795862
1 6.2831853071795862 0.28867513459481259 -1 -0 
8 4.7123889803846897 6.2831853071795862
1 1.0471975511965987 -6.2831853071795862 0 1 
1 1.5707963267948966 0 0 1 
1 -5.2361416812927342 -3.2500000000000022 1 0 
1 1.5707963267948966 0 0 1 
1 6.0582106851714697 3.2500000000000022 -1 -0 
1 1.5707963267948963 0 0 1 
1 -6.9681924888616127 0.25000000000000011 0.49999999999999994 -0.86602540378443871 
1 1.5707963267948963 0 0 1 
1 -4.8031289794005154 3.5000000000000027 -0.49999999999999994 -0.86602540378443871 
1 0 11.000000000000002 1 0 
2 -3.653423314828534 -0 1 0 0 -1 2
1 0 0 0 1 
1 0 -3.4999999999999982 1 0 
8 4.7123889803846897 6.2831853071795862
1 6.2831853071795862 11.005677231869392 -1 -0 
8 4.7123889803846897 6.2831853071795862
1 0 -6.2831853071795862 0 1 
1 0 0 0 1 
1 11.005677231869393 1.7763568394002505e-15 -2.7755575615628914e-16 -1 
1 0 -1.5707963267948966 1 0 
1 0 0.50000000000000178 1 0 
1 0 0 1 0 
1 0 -1.5707963267948966 1 0 
1 0 0.50000000000000178 1 0 
1 0 0 1 0 
1 0 -1.5707963267948966 1 0 
1 4.4408920985006104e-16 0.49999999999999822 1 0 
1 0 0 1 0 
1 1.0471975511965974 0 0 1 
1 0.28867513459481375 0 1.6653345369377348e-16 -1 
1 0 0 0 1 
1 -2.2204460492503131e-16 -3.5000000000000018 1 0 
1 0 0 0 1 
1 4.0414518843273832 0 1.6653345369377348e-16 -1 
1 1.0471975511965979 0 0 1 
1 0.28867513459481398 0 -1.6653345369377348e-16 -1 
1 0 0 0 1 
1 0 -3.5000000000000018 1 0 
1 0 0 0 1 
1 4.041451884327385 0 -1.6653345369377348e-16 -1 
1 0 3.5000000000000036 1 0 
1 0 0 1 0 
8 4.7123889803846897 6.2831853071795862
1 6.2831853071795862 4.0414518843273823 -1 -0 
8 4.7123889803846897 6.2831853071795862
1 0 -6.2831853071795862 0 1 
1 0 -1.5707963267948966 1 0 
8 4.7123889803846897 6.2831853071795862
1 6.2831853071795862 0.28867513459481237 -1 -0 
8 4.7123889803846897 6.2831853071795862
1 1.0471975511965985 -6.2831853071795862 0 1 
8 4.7123889803846897 6.2831853071795862
1 6.2831853071795862 0.28867513459481337 -1 -0 
8 4.7123889803846897 6.2831853071795862
1 1.0471975511965996 -6.2831853071795862 0 1 
8 4.7123889803846897 6.2831853071795862
1 6.2831853071795862 4.0414518843273823 -1 -0 
8 4.7123889803846897 6.2831853071795862
1 0 -6.2831853071795862 0 1 
1 0 30 1 0 
2 0 0 1 0 -0 1 2
1 0 -1.5707963267948966 1 0 
1 8.8817841970012523e-16 3.5000000000000018 1 0 
1 0 0 1 0 
1 8.8817841970012208e-16 3.4999999999999982 1 0 
1 0 0 1 0 
1 0 -1.5707963267948966 1 0 
Curves 55
1 4 -9.7971743931788257e-16 0 0 0 1 
2 0 0 0 0 0 1 1 0 -0 -0 1 0 4
2 0 0 10 0 0 1 1 0 -0 -0 1 0 4
7 0 0  6 112 23  -4 0 7.5842364820166353  -3.9999999979228527 0.083085906617392791 7.5842364724187981  -3.9979292943886358 0.16595550657271474 7.5790748747956824  -3.9938067964500079 0.2479508295863786 7.5688023531204989  -3.9877564285347176 0.32841316391582948 7.5536693642001893  -3.9799975017984575 0.40669135792705163 7.5341304633026995  -3.9650726996170254 0.52960728276640567 7.49620629895922  -3.9587448458624213 0.57603244526526365 7.4800579164395229  -3.9519075618600747 0.62139390003754846 7.462517213878626  -3.9446168967527169 0.66566341900526627 7.4436982232319657  -3.9369289091796253 0.70881625513753066 7.423715256756938  -3.9173354577889774 0.8113435749264637 7.3723908194913301  -3.9050586761660955 0.86951860718145013 7.3399105483342995  -3.8922113506990832 0.92541158437175997 7.3055201724155792  -3.8789184047061069 0.97908890298424611 7.2694588768796295  -3.8652878251532656 1.0306265446059317 7.2319271779361225  -3.8401658432818095 1.1202055667658246 7.161613784040135  -3.8287567350731013 1.1589613281289339 7.1292744946073272  -3.8172315590339072 1.1964199624236804 7.0961543988046225  -3.8056325831843316 1.232626074244062 7.0623240737936479  -3.7939962911799934 1.2676248041372939 7.0278395544490495  -3.746251394996257 1.4063826728658932 6.8839139086925458  -3.710020008307636 1.5003261964165955 6.7689938956163935  -3.6747373878383942 1.5841330634946376 6.6496289725547379  -3.6411475873077155 1.6585903067995282 6.5266934146376334  -3.609841508006371 1.7242714578956562 6.4005178350774559  -3.5535064627263502 1.8375324354568865 6.1438694899998367  -3.5284162472127525 1.8853260911870016 6.0136598630212106  -3.5068416877429769 1.9247889922750168 5.8809653571877529  -3.4894321811808648 1.9557484123821269 5.7461555928132322  -3.4768389042545995 1.9778271196271437 5.6095567675780824  -3.4658290838794223 1.99701969051627 5.3982416615531719  -3.4635344342715313 2.0009842986096538 5.3245705988190144  -3.4628528174621702 2.0021551028638309 5.2506299681705322  -3.4638590376878979 2.0004236194654923 5.1765339757541842  -3.4666092241266235 1.9956711888341132 5.1023959025242478  -3.4827340926409933 1.9675131196183018 4.8386058702801549  -3.5060256341775458 1.926511852570433 4.6488293026700021  -3.5415849979328407 1.8624977872821638 4.4626049034421342  -3.5883733944767977 1.773690969128908 4.2832847916444585  -3.643127612384661 1.6586217493707478 4.1144321238802979  -3.7341927439007208 1.4364521593812369 3.8723643817894882  -3.7682965265199058 1.3472453710064514 3.7892680217325645  -3.8025588949223121 1.2494914042373984 3.7117719701596488  -3.8359269071601609 1.1433994558056357 3.6407340839768341  -3.867291814288254 1.0293629144892587 3.5770168199967287  -3.9068127552382017 0.85980306243161131 3.4994615638036297  -3.9175547157730848 0.81048171359198218 3.4787231946888499  -3.9277377246090186 0.76007828139546385 3.459346379030555  -3.9372935754043357 0.70865995800007964 3.4413898400057312  -3.9461588167253256 0.65629966512501514 3.4249076046320113  -3.968861056599652 0.50744456831946605 3.3830725818762719  -3.9810404778077744 0.40896831817335871 3.3610998220220654  -3.9904462723238652 0.30827783205104509 3.3443801083705051  -3.9968139016026227 0.20606648382408466 3.3331478644528847  -4 0.10306231648549313 3.3275253921129857  -4 -0.071004087368167143 3.3275253921129857  -3.9984875507318711 -0.14199942059646631 3.3301940499894336  -3.9954632326843975 -0.21273505476091503 3.3355297920106195  -3.9909593226366114 -0.28296394953554316 3.3435041308414153  -3.9850379334646409 -0.35244474203257442 3.3540610856038988  -3.9686631900067675 -0.50718112324760989 3.3835530476930447  -3.9574363211596619 -0.59183391214660241 3.4039443335648314  -3.9442787746971839 -0.67454742271553159 3.4281375033884189  -3.929409666380637 -0.75499786341861885 3.4559474266596282  -3.9130846324082889 -0.83289432646728701 3.4871537333460054  -3.8674128463543802 -1.0288436409412767 3.5767793086250257  -3.8361953847581645 -1.1424228863387382 3.6401887279586984  -3.802987532357657 -1.2481276744271697 3.7108596320052363  -3.7688836169761792 -1.3455690950099353 3.7879406334272314  -3.7349234869036745 -1.4345392375425714 3.8705849841824076  -3.6440585356694219 -1.6565750629416645 4.1116763470467008  -3.589326154783079 -1.7717803095815261 4.2800097574225671  -3.5424817861790694 -1.8608199893786146 4.4588110595789026  -3.5067853005815368 -1.9251481769032786 4.6445352792445895  -3.4832926480521937 -1.9665299511018688 4.8338501014151127  -3.4667223790581345 -1.9954765620731181 5.0988751220544977  -3.4638477860433756 -2.0004434117268084 5.1746546156314004  -3.4627967654879845 -2.0022514635646318 5.2503929812555414  -3.4635095905844788 -2.0010275176889993 5.3259696513980055  -3.4659062046910569 -1.9968871602759224 5.401263082476774  -3.4772187607853891 -1.9771612643692131 5.6138736434055598  -3.48991444764851 -1.9548928504466556 5.7501598031300336  -3.5073940239454084 -1.9237879473480826 5.8846547483828617  -3.5290101037741506 -1.884218099437784 6.0170362772389669  -3.5541176025686778 -1.8363513683580954 6.1469381154153382  -3.6105932024975278 -1.7227104475420505 6.4036453031104115  -3.6420497564484346 -1.6566389433746489 6.5301471272326426  -3.6757935126719832 -1.5817300010495636 6.6533853642266116  -3.7112284464654013 -1.4973967127453045 6.7730239776371555  -3.7476003726048215 -1.4028398280582175 6.8881684460139958  -3.7955309108430568 -1.2630323859702872 7.0323996326045846  -3.807240121592828 -1.2276702160550998 7.067038093837513  -3.8189081012839186 -1.1910808471354508 7.1010089633673337  -3.8304975212812065 -1.1532179751012095 7.1342542060713781  -3.8419650668485761 -1.1140359062372582 7.1667007682163026  -3.8668017311527429 -1.0248854183456888 7.2360930224901692  -3.8800994719397011 -0.97430777010718972 7.2726615409282269  -3.8930676559577626 -0.9216791735534694 7.3078118198214943  -3.9056045003001469 -0.86692940733380919 7.3413544617932445  -3.9175927719737409 -0.80999711823634379 7.3730648460050938  -3.9369289125389368 -0.70881623755914569 7.4237152655565488  -3.9446168963374988 -0.66566342508381438 7.4436982222505117  -3.9519075589462429 -0.62139391894429996 7.4625172063477727  -3.9587448447127573 -0.57603244932220299 7.4800579133809917  -3.9650727020582797 -0.52960726266100966 7.4962063051624881  -3.9799975017078335 -0.4066913586734005 7.5341304630724224  -3.9877564285962062 -0.32841316373663115 7.5536693643563178  -3.9938067964959725 -0.24795082880041364 7.568802353237035  -3.9979292943521849 -0.16595550633122888 7.5790748747028225  -3.9999999979228522 -0.083085907439219286 7.5842364724187981  -4 0 7.5842364820166353 
 0 7 0.031903807471529579 5 0.051968595918458732 5 0.080867141974095114 5 0.10428459148011721 5 0.1768967260095049 5 0.24830157241156381 5 0.28621323300804113 5 0.38332441956865448 5 0.438626818717751 5 0.46057700383847239 5 0.50001665358480407 5 0.52718833409668786 5 0.56139654473959344 5 0.61645950774165348 5 0.71336458117372092 5 0.75211123604676866 5 0.82337018513606131 5 0.89620646647755065 5 0.91977699010139269 5 0.94803211285013622 5 0.96809662254879725 5 1 7
2 -6.5778483455013603 0 6.3941410032796835 -0.93969262078590832 0 0.34202014332566893 0.34202014332566893 0 0.93969262078590832 0 1 -0 2
1 2 -4.8999999999999997e-16 0 0 0 1 
1 9.7116340000000001 -3.75 0 0 1 0 
1 -7.119169908043613 3.2500000000000022 4.9068722335309474 0.34202014332566849 0 0.93969262078590854 
1 -3.2562738928949218 -3.2500000000000022 15.520091808853222 -0.34202014332566849 0 -0.93969262078590854 
1 -7.71156617349566 -0.25 3.2792768708321987 0.17101007166283422 0.86602540378443871 0.46984631039295416 
1 -6.9710708416806009 -3.5000000000000027 5.3137710742056337 -0.17101007166283422 0.86602540378443871 -0.46984631039295416 
1 -3.2562738928949222 3.7500000000000018 15.520091808853222 -0.93969262078590843 -0 0.34202014332566877 
8 1.5707963267948957 3.1415926535897931
2 -3.7261202032878775 3.2500000000000022 15.691101880516056 -0.34202014332566849 -0 -0.93969262078590854 -0.93969262078590854 0 0.34202014332566849 0 1 -0 0.5
8 4.7123889803846906 6.2831853071795862
2 -6.5451980656456019 3.2500000000000022 16.717162310493062 0.34202014332566849 0 0.93969262078590854 -0.93969262078590854 0 0.34202014332566849 0 -1 0 0.5
8 4.7123889803846897 6.2831853071795871
2 -3.7261202032878762 -3.2500000000000022 15.691101880516056 0.34202014332566849 -0 0.93969262078590854 0.93969262078590854 0 -0.34202014332566849 0 1 0 0.5
8 1.5707963267948966 3.141592653589794
2 -6.545198065645601 -3.2500000000000022 16.717162310493062 -0.34202014332566849 0 -0.93969262078590854 0.93969262078590854 0 -0.34202014332566849 0 -1 -0 0.5
1 -3.2562738928949222 -3.7500000000000018 15.520091808853222 -0.93969262078590843 -0 0.34202014332566877 
2 -7.4902835075278924 3.2500000000000027 5.3491481989769056 0.34202014332566855 2.3713257458380581e-16 0.93969262078590854 -8.3266726846886741e-17 1 -2.2204460492503131e-16 -0.93969262078590854 -2.3014011738647188e-18 0.34202014332566855 0.5
1 -7.5890162184365675 3.7500000000000022 5.077882305193782 0.34202014332566849 0 0.93969262078590854 
1 -3.7261202032878762 -3.7500000000000022 15.691101880516056 -0.34202014332566849 0 -0.93969262078590854 
2 -7.4902835075278933 -3.2500000000000018 5.3491481989769039 -0.34202014332566855 -2.8843290554854045e-15 -0.93969262078590854 9.8649863695550809e-16 -1 2.710382729358023e-15 -0.93969262078590854 -1.9721522630525295e-31 0.34202014332566855 0.5
2 -8.1320461284342773 1.3322676295501878e-15 3.5859198893865938 0.17101007166283397 0.86602540378443926 0.46984631039295344 -0.29619813272602386 0.49999999999999911 -0.81379768134937425 -0.93969262078590843 0 0.34202014332566849 0.5
1 -8.3295115502516257 -5.5511151231257827e-17 3.0433881018203461 0.17101007166283422 0.86602540378443871 0.46984631039295416 
2 -7.4902835075278924 3.2500000000000027 5.3491481989769056 0.17101007166283477 0.86602540378443771 0.4698463103929556 -0.29619813272602336 0.50000000000000155 -0.81379768134937291 -0.93969262078590854 0 0.34202014332566855 0.5
2 -7.4902835075278933 -3.2500000000000018 5.3491481989769039 -0.17101007166283477 0.86602540378443793 -0.4698463103929556 -0.29619813272602336 -0.50000000000000144 -0.81379768134937291 -0.93969262078590854 0 0.3420201433256686 0.5
1 -7.5890162184365675 -3.7500000000000027 5.0778823051937803 -0.17101007166283422 0.86602540378443871 -0.46984631039295416 
2 -8.1320461284342773 1.3322676295501878e-15 3.5859198893865938 -0.17101007166283466 0.86602540378443793 -0.46984631039295532 -0.29619813272602341 -0.50000000000000122 -0.81379768134937314 -0.93969262078590854 0 0.34202014332566855 0.5
1 -10.408094080794292 3.7500000000000022 6.1039427351707882 0.34202014332566849 0 0.93969262078590854 
1 -7.0204371971349362 3.7500000000000027 5.1781381273140719 -0.93969262078590843 0 0.34202014332566877 
2 -10.309361369885618 3.2500000000000027 6.3752086289539109 -0.34202014332566855 3.5901661060401435e-15 -0.93969262078590854 1.1934897514720433e-15 1 3.3861802251067274e-15 0.93969262078590854 3.6628333475660673e-17 -0.34202014332566855 0.5
1 -10.877940391187247 3.2500000000000022 6.2749528068336229 0.34202014332566849 0 0.93969262078590854 
1 -7.0150443760385555 -3.2500000000000022 16.888172382155897 -0.34202014332566849 0 -0.93969262078590854 
1 -11.470336656639295 -0.25000000000000011 4.6473574441348742 0.17101007166283422 0.86602540378443871 0.46984631039295416 
1 -10.729841324824235 -3.5000000000000027 6.6818516475083092 -0.17101007166283422 0.86602540378443871 -0.46984631039295416 
2 -10.336618828644994 0 7.762221576582359 -0.93969262078590832 0 0.34202014332566893 0.34202014332566893 0 0.93969262078590832 0 1 -0 2
1 -6.545198065645601 -3.7500000000000022 16.717162310493062 -0.34202014332566849 0 -0.93969262078590854 
2 -10.309361369885618 -3.2500000000000018 6.3752086289539083 0.34202014332566855 6.2227878832193941e-15 0.93969262078590854 2.1283188037039304e-15 -1 5.8475078545772272e-15 0.93969262078590854 0 -0.34202014332566855 0.5
1 -7.0204371971349371 -3.7500000000000018 5.1781381273140701 -0.93969262078590843 0 0.34202014332566877 
2 -7.4902835075278924 3.2500000000000027 5.3491481989769056 0.93969262078590854 0 -0.34202014332566855 -0.29619813272602336 0.50000000000000155 -0.81379768134937291 0.1710100716628348 0.86602540378443782 0.46984631039295571 0.5
2 -7.4902835075278933 -3.2500000000000018 5.3491481989769039 0.93969262078590854 0 -0.34202014332566855 9.8649863695550809e-16 -1 2.710382729358023e-15 -0.34202014332566855 -2.8843290554854037e-15 -0.93969262078590854 0.5
2 -8.1320461284342773 1.3322676295501878e-15 3.5859198893865938 0.93969262078590854 0 -0.34202014332566855 -0.29619813272602347 -0.50000000000000122 -0.81379768134937314 -0.17101007166283469 0.86602540378443804 -0.46984631039295544 0.5
1 -7.8102988844043342 0.25000000000000128 3.0080109770490742 -0.93969262078590843 0 0.34202014332566877 
1 -11.148589412609352 -1.6653345369377348e-16 4.0694485317973523 0.17101007166283422 0.86602540378443871 0.46984631039295416 
1 -7.1685362634979484 3.5000000000000027 4.7712392866393847 -0.93969262078590843 0 0.34202014332566877 
1 -7.1685362634979493 -3.5000000000000018 4.7712392866393829 -0.93969262078590843 0 0.34202014332566877 
1 -10.408094080794292 -3.7500000000000027 6.1039427351707873 -0.17101007166283422 0.86602540378443871 -0.46984631039295416 
1 -7.8102988844043342 -0.24999999999999861 3.0080109770490742 -0.93969262078590843 0 0.34202014332566877 
2 -10.309361369885618 3.2500000000000027 6.3752086289539109 0.93969262078590854 0 -0.34202014332566855 -0.29619813272602324 0.50000000000000233 -0.81379768134937258 0.17101007166283508 0.86602540378443738 0.46984631039295643 0.5
2 -10.309361369885618 3.2500000000000027 6.3752086289539109 -0.17101007166283502 -0.86602540378443738 -0.46984631039295638 -0.29619813272602324 0.50000000000000233 -0.81379768134937258 0.93969262078590843 2.7755575615628907e-17 -0.34202014332566849 0.5
2 -10.951123990792002 1.3322676295501878e-15 4.6119803193635995 -0.17101007166283422 -0.86602540378443871 -0.4698463103929541 -0.29619813272602374 0.49999999999999989 -0.81379768134937391 0.93969262078590854 0 -0.3420201433256686 0.5
2 -10.309361369885618 -3.2500000000000018 6.3752086289539083 0.17101007166283555 -0.86602540378443638 0.46984631039295771 -0.29619813272602297 -0.50000000000000389 -0.81379768134937169 0.93969262078590854 -2.775557561562892e-17 -0.3420201433256686 0.5
2 -10.951123990792002 1.3322676295501878e-15 4.6119803193635995 0.17101007166283458 -0.86602540378443826 0.4698463103929551 -0.29619813272602358 -0.50000000000000089 -0.81379768134937336 0.93969262078590843 -2.7755575615628907e-17 -0.3420201433256686 0.5
2 0 0 30 0 0 1 1 0 -0 -0 1 0 2
2 -10.309361369885618 -3.2500000000000018 6.3752086289539083 0.93969262078590854 0 -0.34202014332566855 2.1283188037039304e-15 -1 5.8475078545772272e-15 -0.34202014332566855 -6.2227878832193941e-15 -0.93969262078590854 0.5
2 -10.951123990792002 1.3322676295501878e-15 4.6119803193635995 0.93969262078590854 0 -0.34202014332566855 -0.29619813272602352 -0.50000000000000089 -0.81379768134937336 -0.17101007166283458 0.86602540378443826 -0.4698463103929551 0.5
Polygon3D 0
PolygonOnTriangulations 0
Surfaces 29
2 0 0 0 0 0 1 1 0 -0 -0 1 0 4
1 0 0 0 0 0 1 1 0 -0 -0 1 0 
1 -4.6212651305669414e-09 0.0045372519535844761 0 0 0 1 1 0 -0 -0 1 0 
1 0 0 10 0 0 1 1 0 -0 -0 1 0 
2 0 0 0 0 0 1 1 0 -0 -0 1 0 2
