<?xml version='1.0' encoding='utf-8'?>
<!-- FreeCAD DocumentObject -->
<Document SchemaVersion="4" FileVersion="2">
<Object name="Pyramid">
  <Properties Count="15" TransientCount="1">
    <_Property name="_ElementMapVersion" type="App::PropertyString" status="234881024"/>
    <Property name="ColoredElements" type="App::PropertyLinkSubHidden" status="218103808">
      <LinkSub value="" count="0">
      </LinkSub>
    </Property>
    <Property name="ExpressionEngine" type="App::PropertyExpressionEngine" status="67108864">
      <ExpressionEngine count="2" cdata="1">
        <Expressions><![CDATA[
0:.Placement.Base
0:<<Bore Clamping>>.Placement.Base
0:

0:Radius2
0:Radius1 - 0.1
0:

]]>
        </Expressions>
      </ExpressionEngine>
    </Property>
    <Property name="Height" type="App::PropertyLength" group="Pyramid" attr="0" ro="0" hide="0" docID="1" status="2097152">
      <Float value="4"/>
    </Property>
    <Property name="Label" type="App::PropertyString" status="134217728">
      <String value="Pyramid"/>
    </Property>
    <Property name="Label2" type="App::PropertyString" status="128">
      <String value=""/>
    </Property>
    <Property name="Placement" type="App::PropertyPlacement" status="8388608">
      <PropertyPlacement Px="11.5" Py="-9.904737509655563" Pz="7.2" Q0="0" Q1="0.7071067811865476" Q2="0" Q3="-0.7071067811865475" A="4.71238898038469" Ox="0" Oy="1" Oz="0"/>
    </Property>
    <Property name="Proxy" type="App::PropertyPythonObject">
      <Python  module="polyhedrons" class="Pyramid" cdata="1">
<![CDATA[
{
  "radius1value": 4.000000000000001,
  "side1value": 4.0,
  "radius2value": 3.900000000000001,
  "side2value": 3.9000000000000004,
  "sidescountvalue": 6
}
]]>
      </Python>
    </Property>
    <Property name="Radius1" type="App::PropertyLength" group="Pyramid" attr="0" ro="0" hide="0" docID="2" status="2097152">
      <Float value="4.000000000000001"/>
    </Property>
    <Property name="Radius2" type="App::PropertyLength" group="Pyramid" attr="0" ro="0" hide="0" docID="2" status="2097152">
      <Float value="3.900000000000001"/>
    </Property>
    <Property name="Shape" type="Part::PropertyPartShape">
      <Part ElementMap="0.15.70200.3" brep="1">
<![CDATA[

CASCADE Topology V1, (c) Matra-Datavision
Locations 1
1
-2.22044604925031e-16               0              -1            11.5 
              0               1               0 -9.90473750965556 
              1               0 -2.22044604925031e-16             7.2 
Curve2ds 36
1 -1.9999999999999996 3.4641016151377557 -0.50000000000000022 -0.8660254037844386 
1 -2.0000000000000009 -1.9878891085746755 1 -4.6707355269238278e-18 
1 -4.0000000000000009 6.7489589042980074e-16 0.49999999999999972 -0.86602540378443882 
1 -2 -1.9878891085746755 1 -2.2681583769834033e-18 
1 -2.0000000000000022 -3.4641016151377544 1 -6.6613381477509392e-16 
1 1.9878891085746755 -2 1.4418841127919918e-17 1 
1 1.9999999999999978 -3.4641016151377571 0.50000000000000044 0.86602540378443849 
1 -2.0000000000000018 -1.9878891085746757 1 4.6707355269238263e-18 
1 4.0000000000000009 -7.9468026854702341e-16 -0.50000000000000011 0.86602540378443871 
1 -2.0000000000000013 -1.9878891085746757 1 2.9360120509470173e-18 
1 1.9999999999999993 3.4641016151377562 -1 -1.1102230246251568e-16 
1 -1.987889108574675 1.9999999999999982 -7.2094205639599836e-18 -1 
1 2.0000000000000004 -1.9878891085746755 -0.012496095580101542 0.99992192074944175 
8 0 4.0012498047485119
1 -2 -1.9878891085746759 0.012496095580101542 0.99992192074944175 
1 -1.9499999999999995 3.3774990747593119 -0.50000000000000033 -0.8660254037844386 
8 0 3.9000000000000008
1 -1.9500000000000002 2.013048281587785 1 -5.8720241018940415e-18 
1 -1.9500000000000004 2.013048281587785 -0.012496095580101617 -0.99992192074944175 
8 0 4.0012498047485119
1 2.0130482815877859 -1.9499999999999984 -0.99992192074944175 -0.012496095580101544 
1 -3.9000000000000008 7.4330665072306079e-16 0.49999999999999972 -0.86602540378443882 
8 0 3.8999999999999995
1 -1.9499999999999997 2.013048281587785 1 -2.2681583769834033e-18 
1 -1.9500000000000022 -3.3774990747593101 1 -5.6934514083341366e-16 
8 0 3.8999999999999999
1 -2.013048281587785 -1.95 1.2323795835828992e-17 1 
1 1.9499999999999977 -3.3774990747593123 0.50000000000000044 0.86602540378443837 
8 0 3.9000000000000026
1 -1.9500000000000013 2.0130482815877846 1 1.7347234759768067e-18 
1 3.9000000000000008 -6.8953010427934269e-16 -0.50000000000000011 0.8660254037844386 
8 0 3.9000000000000026
1 -1.9500000000000006 2.0130482815877846 1 4.137300625917229e-18 
1 1.9499999999999993 3.3774990747593123 -1 -1.1386902816668276e-16 
8 0 3.8999999999999986
1 2.013048281587785 1.9499999999999984 -7.3942775014974184e-18 -1 
1 1.9999999999999996 -1.9878891085746755 -0.012496095580101526 0.99992192074944175 
8 0 4.0012498047485119
1 1.9878891085746759 -2 -0.99992192074944175 0.012496095580101544 
1 1.9878891085746755 2 -0.99992192074944175 -0.012496095580101544 
8 0 4.0012498047485119
1 -2.0000000000000018 -1.9878891085746764 0.012496095580101606 0.99992192074944175 
1 2.0000000000000013 -1.9878891085746757 -0.012496095580101554 0.99992192074944175 
8 0 4.0012498047485119
1 -2.0000000000000018 -1.9878891085746764 0.012496095580101552 0.99992192074944175 
1 2.0000000000000018 -1.9878891085746757 -0.012496095580101615 0.99992192074944175 
8 0 4.0012498047485119
1 -1.9878891085746759 1.9999999999999982 0.99992192074944175 -0.012496095580101544 
Curves 18
1 -1.9999999999999996 3.4641016151377557 0 -0.50000000000000022 -0.8660254037844386 0 
1 -4.0000000000000009 4.8985871965894138e-16 0 0.49999999999999972 -0.86602540378443882 0 
1 -2.0000000000000022 -3.4641016151377544 0 1 -6.6613381477509392e-16 0 
1 1.9999999999999978 -3.4641016151377571 0 0.50000000000000044 0.86602540378443849 0 
1 4.0000000000000009 -9.7971743931788276e-16 0 -0.50000000000000011 0.86602540378443871 0 
1 1.9999999999999993 3.4641016151377562 0 -1 -1.1102230246251568e-16 0 
1 -4.0000000000000009 4.8985871965894138e-16 0 0.024992191160203087 -3.0606606908021514e-18 0.99968764640812258 
1 -1.9499999999999995 3.3774990747593114 4 -0.50000000000000022 -0.86602540378443849 0 
1 -1.9499999999999995 3.3774990747593114 4 -0.012496095580101544 0.021643872440972843 -0.99968764640812258 
1 -3.9000000000000008 4.7761225166746783e-16 4 0.49999999999999972 -0.86602540378443882 0 
1 -1.9500000000000022 -3.3774990747593105 4 1 -5.6934514083341366e-16 0 
1 1.9499999999999977 -3.3774990747593128 4 0.50000000000000044 0.86602540378443837 0 
1 3.9000000000000008 -9.5522450333493565e-16 4 -0.50000000000000011 0.8660254037844386 0 
1 1.9499999999999993 3.3774990747593119 4 -1 -1.1386902816668276e-16 0 
1 -2.0000000000000022 -3.4641016151377544 0 0.012496095580101544 0.021643872440972732 0.99968764640812258 
1 1.9999999999999978 -3.4641016151377571 0 -0.012496095580101544 0.021643872440972843 0.99968764640812258 
1 4.0000000000000009 -9.7971743931788276e-16 0 -0.024992191160203087 6.1213213816043028e-18 0.99968764640812258 
1 1.9999999999999993 3.4641016151377562 0 -0.012496095580101544 -0.021643872440972843 0.99968764640812258 
Polygon3D 0
PolygonOnTriangulations 0
Surfaces 8
1 0 -1.8503717077085941e-16 0 0 0 1 1 0 -0 -0 1 0 
1 -2.9627358119850395 1.7105363185873077 1.9874233607979115 -0.86582250041085806 0.4998828536826439 0.021645562510271513 -0.50000000000000011 -0.8660254037844386 1.7347234759768071e-18 0.018745607013099193 -0.010822781255135756 0.99976570736528769 
1 -2.9627358119850409 -1.7105363185873068 1.9874233607979115 -0.8658225004108584 -0.49988285368264357 0.021645562510271468 0.49999999999999978 -0.86602540378443893 1.7347234759768071e-18 0.018745607013099158 0.010822781255135729 0.99976570736528769 
1 -2.2340599063299519e-15 -3.4210726371746154 1.9874233607979115 -6.1913013334309286e-16 -0.99976570736528769 0.021645562510271509 0 -0.021645562510271509 -0.99976570736528769 1 -6.1898507571292202e-16 1.3401420003270648e-17 
1 2.9627358119850387 -1.7105363185873086 1.9874233607979117 0.86582250041085795 -0.49988285368264429 0.021645562510271502 0.50000000000000056 0.86602540378443849 -1.7347234759768071e-18 -0.018745607013099179 0.010822781255135763 0.99976570736528769 
1 2.9627358119850395 1.710536318587307 1.9874233607979117 0.86582250041085818 0.49988285368264385 0.021645562510271468 -0.50000000000000011 0.86602540378443871 0 -0.018745607013099158 -0.010822781255135736 0.99976570736528769 
1 1.0611784555067273e-15 3.4210726371746158 1.987423360797911 3.3774801349280056e-16 0.99976570736528769 0.021645562510271565 0 -0.021645562510271565 0.99976570736528769 1 -3.3766888162085039e-16 -7.3107457387784563e-18 
1 -9.4890856805568906e-17 -2.6569439905559296e-16 4 0 0 1 1 0 -0 -0 1 0 
Triangulations 0

TShapes 48
Ve
1.00000001421779e-07
-2 3.46410161513776 0
0 0

0101101
*
Ve
1e-07
-4 4.89858719658941e-16 0
0 0

0101101
*
Ed
 1e-07 1 1 0
1  1 0 0 4
2  1 1 0 0 4
2  2 2 0 0 4
4 C0 1 0 2 0
0

0101000
+48 0 -47 0 *
Ve
1e-07
-2 -3.46410161513775 0
0 0

0101101
*
Ed
 1e-07 1 1 0
1  2 0 0 4
2  3 1 0 0 4
2  4 3 0 0 4
4 C0 1 0 3 0
0

0101000
+47 0 -45 0 *
Ve
1e-07
2 -3.46410161513776 0
0 0

0101101
*
Ed
 1e-07 1 1 0
1  3 0 0 4
2  5 1 0 0 4
2  6 4 0 0 4
4 C0 1 0 4 0
0

0101000
+45 0 -43 0 *
Ve
1e-07
4 -9.79717439317883e-16 0
0 0

0101101
*
Ed
 1e-07 1 1 0
1  4 0 0 4
2  7 1 0 0 4
2  8 5 0 0 4
4 C0 1 0 5 0
0

0101000
+43 0 -41 0 *
Ve
1e-07
2 3.46410161513776 0
0 0

0101101
*
Ed
 1e-07 1 1 0
1  5 0 0 4
2  9 1 0 0 4
2  10 6 0 0 4
4 C0 1 0 6 0
0

0101000
+41 0 -39 0 *
Ed
 1e-07 1 1 0
1  6 0 0 4
2  11 1 0 0 4
2  12 7 0 0 4
4 C0 1 0 7 0
0

0101000
+39 0 -48 0 *
Wi

0101100
+46 0 +44 0 +42 0 +40 0 +38 0 +37 0 *
Fa
0  1e-07 1 0

0101000
+36 0 *
Ve
1e-07
-3.9 4.77612251667468e-16 4
0 0

0101101
*
Ed
 1e-07 1 1 0
1  7 0 0 4.00124980474851
2  13 2 0 0 4.00124980474851
2  14 3 0 0 4.00124980474851
4 C0 2 0 3 0
0

0101000
+47 0 -34 0 *
Ve
1.00000001421779e-07
-1.95 3.37749907475931 4
0 0

0101101
*
Ed
 1e-07 1 1 0
1  8 0 0 3.9
2  15 8 0 0 3.9
2  16 2 0 0 3.9
4 C0 2 0 8 0
0

0101000
+32 0 -34 0 *
Ed
 1e-07 1 1 0
1  9 0 0 4.00124980474851
2  17 2 0 0 4.00124980474851
2  18 7 0 0 4.00124980474851
4 C0 2 0 7 0
0

0101000
+32 0 -48 0 *
Wi

0101100
+46 0 +33 0 -31 0 +30 0 *
Fa
0  1e-07 2 0

0101000
+29 0 *
Ve
1e-07
-1.95 -3.37749907475931 4
0 0

0101101
*
Ed
 1e-07 1 1 0
1  10 0 0 3.9
2  19 8 0 0 3.9
2  20 3 0 0 3.9
4 C0 8 0 3 0
0

0101000
+34 0 -27 0 *
Ve
1e-07
1.95 -3.37749907475931 4
0 0

0101101
*
Ed
 1e-07 1 1 0
1  11 0 0 3.9
2  21 8 0 0 3.9
2  22 4 0 0 3.9
4 C0 8 0 4 0
0

0101000
+27 0 -25 0 *
Ve
1e-07
3.9 -9.55224503334936e-16 4
0 0

0101101
*
Ed
 1e-07 1 1 0
1  12 0 0 3.9
2  23 8 0 0 3.9
2  24 5 0 0 3.9
4 C0 8 0 5 0
0

0101000
+25 0 -23 0 *
Ve
1e-07
1.95 3.37749907475931 4
0 0

0101101
*
Ed
 1e-07 1 1 0
1  13 0 0 3.9
2  25 8 0 0 3.9
2  26 6 0 0 3.9
4 C0 8 0 6 0
0

0101000
+23 0 -21 0 *
Ed
 1e-07 1 1 0
1  14 0 0 3.9
2  27 8 0 0 3.9
2  28 7 0 0 3.9
4 C0 8 0 7 0
0

0101000
+21 0 -32 0 *
Wi

0101100
+31 0 +26 0 +24 0 +22 0 +20 0 +19 0 *
Fa
0  1e-07 8 0

0101000
+18 0 *
Ed
 1e-07 1 1 0
1  15 0 0 4.00124980474851
2  29 3 0 0 4.00124980474851
2  30 4 0 0 4.00124980474851
4 C0 3 0 4 0
0

0101000
+45 0 -27 0 *
Wi

0101100
+44 0 +16 0 -26 0 -33 0 *
Fa
0  1e-07 3 0

0101000
+15 0 *
Ed
 1e-07 1 1 0
1  16 0 0 4.00124980474851
2  31 4 0 0 4.00124980474851
2  32 5 0 0 4.00124980474851
4 C0 4 0 5 0
0

0101000
+43 0 -25 0 *
Wi

0101100
+42 0 +13 0 -24 0 -16 0 *
Fa
0  1e-07 4 0

0101000
+12 0 *
Ed
 1e-07 1 1 0
1  17 0 0 4.00124980474851
2  33 5 0 0 4.00124980474851
2  34 6 0 0 4.00124980474851
4 C0 5 0 6 0
0

0101000
+41 0 -23 0 *
Wi

0101100
+40 0 +10 0 -22 0 -13 0 *
Fa
0  1e-07 5 0

0101000
+9 0 *
Ed
 1e-07 1 1 0
1  18 0 0 4.00124980474851
2  35 6 0 0 4.00124980474851
2  36 7 0 0 4.00124980474851
4 C0 6 0 7 0
0

0101000
+39 0 -21 0 *
Wi

0101100
+38 0 +7 0 -20 0 -10 0 *
Fa
0  1e-07 6 0

0101000
+6 0 *
Wi

0101100
+37 0 -30 0 -19 0 -7 0 *
Fa
0  1e-07 7 0

0101000
+4 0 *
Sh

0101100
+35 0 -28 0 -17 0 -14 0 -11 0 -8 0 -5 0 -3 0 *
So

1100000
+2 0 *

-1 1 ]]>
      </Part>
      <ElementMap/>
    </Property>
    <Property name="Sidelength1" type="App::PropertyLength" group="Pyramid" attr="0" ro="0" hide="0" docID="3" status="2097152">
      <Float value="4"/>
    </Property>
    <Property name="Sidelength2" type="App::PropertyLength" group="Pyramid" attr="0" ro="0" hide="0" docID="4" status="2097152">
      <Float value="3.9"/>
    </Property>
    <Property name="Sidescount" type="App::PropertyInteger" group="Pyramid" attr="0" ro="0" hide="0" docID="5" status="2097152">
      <Integer value="6"/>
    </Property>
    <Property name="Visibility" type="App::PropertyBool" status="648">
      <Bool value="false"/>
    </Property>
    <Property name="Z_rotation" type="App::PropertyAngle" group="Pyramid" attr="0" ro="0" hide="0" docID="6" status="2097152">
      <Float value="0"/>
    </Property>
  </Properties>
</Object>
</Document>
