<?xml version='1.0' encoding='utf-8'?>
<!-- FreeCAD DocumentObject -->
<Document SchemaVersion="4" FileVersion="2">
<Object name="Part__Feature001">
  <Properties Count="7" TransientCount="1">
    <_Property name="_ElementMapVersion" type="App::PropertyString" status="234881024"/>
    <Property name="ColoredElements" type="App::PropertyLinkSubHidden" status="218103808">
      <LinkSub value="" count="0">
      </LinkSub>
    </Property>
    <Property name="ExpressionEngine" type="App::PropertyExpressionEngine" status="67108864">
      <ExpressionEngine count="0"></ExpressionEngine>
    </Property>
    <Property name="Label" type="App::PropertyString" status="134217728">
      <String value="Solido2_1"/>
    </Property>
    <Property name="Label2" type="App::PropertyString" status="128">
      <String value=""/>
    </Property>
    <Property name="Placement" type="App::PropertyPlacement" status="8388608">
      <PropertyPlacement Px="0" Py="0" Pz="0" Q0="0" Q1="0" Q2="0" Q3="1" A="0" Ox="0" Oy="0" Oz="1"/>
    </Property>
    <Property name="Shape" type="Part::PropertyPartShape">
      <Part ElementMap="0.15.70200.4" brep="1">
<![CDATA[

CASCADE Topology V1, (c) Matra-Datavision
Locations 1
1
              1               0               0               0 
              0               1               0               0 
              0               0               1               0 
Curve2ds 9
7 0 0  1 2 2  2.0579998614814436 -9.2370000000000002e-14  2.3940083039207738 0.19999999999991047 
 2.057999861481445 2 2.3940083039207765 2
1 0 0 1 1.7299999999999999e-15 
1 6.2831853071795862 25.320743195281533 -1 0 
1 0 0.19999999999996199 1 7.3999999999999999e-16 
1 0 0 0 1 
1 -8.8800000000000007e-15 25.120743195281563 1 0 
1 6.2831853071795862 0 0 1 
1 0 0 0 1 
1 -8.8800000000000007e-15 25.120743195281563 1 0 
Curves 15
3 12.309192210492499 18.25 4.70199120032325 -0.96486207205937702 0.19717534378031901 -0.17367517297068899 0.19405668524737041 0.98036823888022451 0.034930203344526796 0.17715299831526626 -1.0408340855860843e-16 -0.98418332397369512 3.8250933182854299 3.75
1 9.29578616500104 16.494412607666099 19.4499981236937 0.17715299831526504 -3.2400000000000002e-15 -0.98418332397369535 
1 8.1101529897731695 15.519330444453299 24.929827538159198 0.19405668524737088 0.98036823888022451 0.0349302033445269 
1 12.2165032260635 15.5 2.0948246026017099 -0.17715299831526504 0 0.98418332397369535 
2 11.9616865932077 18.25 4.6394401892120003 -0.98418332397369535 0 -0.17715299831526504 0 1 0 0.17715299831526504 0 -0.98418332397369535 3.75
1 8.3031633352052605 22 24.964569400336998 0.17715299831526504 -4.2999999999999999e-16 -0.98418332397369535 
1 8.3031633352052605 15.5 24.964569400336998 0 1 0 
2 10.48120783361 20.089566260245999 12.8643221869771 -0.98418332397369535 2.4e-16 -0.17715299831526504 0.17715299831526504 -6.1629758220391547e-33 -0.98418332397369535 -2.3620399775368691e-16 -1 -4.2516719595663603e-17 0.78349999999999997
2 11.764849928413 18.25 4.6040095895489497 -0.98418332397369535 0 -0.17715299831526504 0 1 0 0.17715299831526504 0 -0.98418332397369535 3.75
1 11.9616865932077 22 4.6394401892120003 -0.98418332397369512 0 -0.17715299831526604 
2 10.2843711688153 20.089566260245999 12.828891587314001 0.98418332397369535 -2.4e-16 0.17715299831526504 0.17715299831526504 -6.1629758220391547e-33 -0.98418332397369535 2.3620399775368691e-16 1 4.2516719595663603e-17 0.78349999999999997
7 0 0  1 2 2  10.423170542995308 20.089566260245991 12.057783952980632  10.620007207790017 20.089566260245991 12.09321455264368 
 25.120743195281563 2 25.320743195281533 2
1 8.1063266704105192 22 24.929138800673901 0.17715299831526504 -4.2999999999999999e-16 -0.98418332397369535 
1 8.3031633352052605 22 24.964569400336998 -0.98418332397369512 0 -0.17715299831526604 
1 8.1063266704105192 15.5 24.929138800673901 0 1 0 
Polygon3D 0
PolygonOnTriangulations 0
Surfaces 7
1 8.1063266704105192 15.5 24.929138800673901 -0.96486207205937702 0.19717534378031901 -0.17367517297068899 0.19405668524737041 0.98036823888022451 0.034930203344526796 0.17715299831526626 -1.0408340855860843e-16 -0.98418332397369512 
2 11.9616865932077 18.25 4.6394401892120003 -0.98418332397369512 0 -0.17715299831526604 0 1 0 0.17715299831526604 0 -0.98418332397369512 3.75
1 10.2884089947968 18.671487446255401 13.9354268470505 0.98418332397369535 -2.4e-16 0.17715299831526504 0.17715299831526504 -6.1629758220391547e-33 -0.98418332397369535 2.3620399775368691e-16 1 4.2516719595663603e-17 
1 8.3031633352052605 15.5 24.964569400336998 -0.17715299831526604 0 0.98418332397369512 0 1 0 -0.98418332397369512 0 -0.17715299831526604 
1 10.0915723300021 18.671487446255401 13.899996247387399 0.98418332397369535 -2.4e-16 0.17715299831526504 0.17715299831526504 -6.1629758220391547e-33 -0.98418332397369535 2.3620399775368691e-16 1 4.2516719595663603e-17 
1 8.3031633352052605 22 24.964569400336998 8.0000000000000006e-17 1 -4.2000000000000002e-16 0.17715299831526504 -4.2752923593417328e-16 -0.98418332397369535 -0.98418332397369535 4.3304066254843079e-18 -0.17715299831526504 
10 0 6.2831853071795862 25.120743195281563 25.320743195281533
2 -14.4390453698065 20.089566260245999 8.3786766103621009 0.98418332397369535 -2.4e-16 0.17715299831526504 0.17715299831526504 -6.1629758220391547e-33 -0.98418332397369535 2.3620399775368691e-16 1 4.2516719595663603e-17 0.78349999999999997
Triangulations 0

TShapes 45
Ve
0.006470471099348
12.5487132770996 16.4944126076661 1.37818083425766
0 0

0101101
*
Ve
0.006470471099348
12.2165032260635 15.5 2.09482460260171
0 0

0101101
*
Ed
 0.006470471099348 1 1 0
1  1 0 2.05799986148144 2.39400830392078
2  1 2 0 2.05799986148144 2.39400830392078
4 C0 1 0 2 0
0

0101000
+45 0 -44 0 *
Ve
1e-07
8.30316333520526 16.4944126076661 24.964569400337
0 0

0101101
*
Ed
 1e-07 1 1 0
1  2 0 -5.60319519983117 18.3622470013717
4 C0 1 0 3 0
0

0101000
+42 0 -45 0 *
Ve
1e-07
8.10632667041052 15.5 24.9291388006739
0 0

0101101
*
Ed
 1e-07 1 1 0
1  3 0 -0.019717534378079 0.994608071275892
4 C0 1 0 4 0
0

0101000
+40 0 -42 0 *
Ed
 1e-07 1 1 0
1  4 0 0 23.2012813485575
4 C0 1 0 5 0
0

0101000
+44 0 -40 0 *
Wi

0101100
-43 0 -41 0 -39 0 -38 0 *
Fa
0  1e-07 1 0

0101000
-37 0 *
Ve
1e-07
11.9616865932077 22 4.639440189212
0 0

0101101
*
Ed
 1e-07 1 1 0
1  5 0 0 2.05799986148144
2  2 2 0 0 2.05799986148144
4 C0 3 0 2 0
0

0101000
+35 0 -45 0 *
Ve
1e-07
8.30316333520526 22 24.964569400337
0 0

0101101
*
Ed
 1e-07 1 1 0
1  6 0 0 20.6517715917611
4 C0 3 0 6 0
0

0101000
+33 0 -35 0 *
Ed
 1e-07 1 1 0
1  7 0 0.994412607666099 6.5
4 C0 3 0 4 0
0

0101000
+42 0 -33 0 *
Wi

0101100
+41 0 -34 0 -32 0 -31 0 *
Ve
1e-05
10.62000720779 20.089566260246 12.0932145526437
0 0

0101101
*
Ed
 1e-07 1 1 0
1  8 0 0 6.28318530717959
2  3 7 0 0 6.28318530717959
4 C0 3 0 7 0
0

0101000
+29 0 -29 0 *
Wi

0101100
+28 0 *
Fa
0  1e-07 3 0

0101000
+30 0 +27 0 *
Ve
1e-07
11.764849928413 22 4.60400958954895
0 0

0101101
*
Ed
 1e-07 1 1 0
1  9 0 0 2.39400830392077
2  4 2 0 0 2.39400830392077
4 C0 2 0 5 0
0

0101000
+25 0 -44 0 *
Ed
 1e-07 1 1 0
1  10 0 0 0.199999999999962
2  5 2 0 0 0.199999999999962
4 G1 2 0 6 0
0

0101000
+35 0 -25 0 *
Wi

0101100
+43 0 -24 0 -23 0 +34 0 *
Fa
0  1e-07 2 0

0101000
+22 0 *
Ve
1e-07
10.1455717946353 20.089566260246 13.5999992216474
0 0

0101101
*
Ve
1e-05
10.4231705429953 20.089566260246 12.0577839529806
0 0

0101101
*
Ed
 1e-07 1 1 0
1  11 0 3.14159265358979 6.2831853071796
2  6 7 0 3.14159265358979 6.2831853071796
4 C0 7 0 5 0
0

0101000
+20 0 -19 0 *
Ed
 1e-05 1 1 0
1  12 0 25.1207431952816 25.3207431952815
3  7 8CN 7 0 25.1207431952816 25.3207431952815
0

0101000
+19 0 -29 0 *
Ed
 1e-07 1 1 0
1  11 0 9e-15 3.14159265358979
2  9 7 0 9e-15 3.14159265358979
4 C0 7 0 5 0
0

0101000
+19 0 -20 0 *
Wi

0101100
+18 0 +17 0 +28 0 -17 0 +16 0 *
Fa
0  1e-07 7 0

0101000
+15 0 *
Ve
1e-07
8.10632667041052 22 24.9291388006739
0 0

0101101
*
Ed
 1e-07 1 1 0
1  13 0 0 20.6517715917611
4 C0 6 0 5 0
0

0101000
+13 0 -25 0 *
Ed
 1e-07 1 1 0
1  14 0 0 0.20000000000001
4 C0 6 0 4 0
0

0101000
+33 0 -13 0 *
Wi

0101100
+32 0 +23 0 -12 0 -11 0 *
Fa
0  1e-07 6 0

0101000
+10 0 *
Ed
 1e-07 1 1 0
1  15 0 0 6.5
4 C0 4 0 5 0
0

0101000
+40 0 -13 0 *
Wi

0101100
+39 0 +31 0 +11 0 -8 0 *
Fa
0  1e-07 4 0

0101000
+7 0 *
Wi

0101100
+24 0 +38 0 +8 0 +12 0 *
Wi

0101100
+18 0 +16 0 *
Fa
0  1e-07 5 0

0101000
-5 0 -4 0 *
Sh

0101100
-36 0 +26 0 +21 0 -14 0 +9 0 +6 0 -3 0 *
So

0100000
+2 0 *

+1 1 ]]>
      </Part>
      <ElementMap/>
    </Property>
    <Property name="Visibility" type="App::PropertyBool" status="648">
      <Bool value="true"/>
    </Property>
  </Properties>
</Object>
</Document>
