<?xml version='1.0' encoding='utf-8'?>
<!-- FreeCAD DocumentObject -->
<Document SchemaVersion="4" FileVersion="2">
<Object name="Body" Extensions="True">
  <Extensions Count="1">
    <Extension type="App::OriginGroupExtension" name="OriginGroupExtension">
    </Extension>
  </Extensions>
  <Properties Count="16" TransientCount="2">
    <_Property name="_ElementMapVersion" type="App::PropertyString" status="234881024"/>
    <_Property name="_GroupTouched" type="App::PropertyBool" status="100663424"/>
    <Property name="AutoGroupSolids" type="App::PropertyBool" status="134217728">
      <Bool value="false"/>
    </Property>
    <Property name="BaseFeature" type="App::PropertyLink">
      <Link value=""/>
    </Property>
    <Property name="ColoredElements" type="App::PropertyLinkSubHidden" status="218103808">
      <LinkSub value="" count="0">
      </LinkSub>
    </Property>
    <Property name="ExportMode" type="App::PropertyEnumeration" status="8">
      <Integer value="0"/>
    </Property>
    <Property name="ExpressionEngine" type="App::PropertyExpressionEngine" status="67108864">
      <ExpressionEngine count="0"></ExpressionEngine>
    </Property>
    <Property name="Group" type="App::PropertyLinkList">
      <LinkList count="5">
        <Link value="Sketch"/>
        <Link value="Revolution"/>
        <Link value="Sketch001"/>
        <Link value="Hole"/>
        <Link value="PolarPattern"/>
      </LinkList>
    </Property>
    <Property name="Label" type="App::PropertyString" status="134217728">
      <String value="Lid"/>
    </Property>
    <Property name="Label2" type="App::PropertyString" status="128">
      <String value=""/>
    </Property>
    <Property name="Origin" type="App::PropertyLink" status="67108864">
      <Link value="Origin"/>
    </Property>
    <Property name="Placement" type="App::PropertyPlacement" status="8388608">
      <PropertyPlacement Px="0" Py="0" Pz="0" Q0="0" Q1="0" Q2="0" Q3="1" A="0" Ox="0" Oy="0" Oz="1"/>
    </Property>
    <Property name="Shape" type="Part::PropertyPartShape">
      <Part HasherIndex="0" ElementMap="1.15.70200.4" brep="1">
<![CDATA[

CASCADE Topology V1, (c) Matra-Datavision
Locations 32
1
              1               0               0               0 
              0               1               0               0 
              0               0               1               0 
1
              1               0              -0               0 
             -0 2.22044604925031e-16              -1               0 
              0               1 2.22044604925031e-16               0 
1
              1               0               0               0 
              0 1.11022302462516e-16              -1               0 
              0               1 1.11022302462516e-16               0 
1
              1               0               0               0 
              0               1               0               0 
              0               0               1               0 
2  2 1 3 -1 4 1 0
1
              1               0              -0               0 
             -0 2.22044604925031e-16              -1               0 
              0               1 2.22044604925031e-16               0 
2  6 -1 4 -1 3 1 2 -1 0
1
              1               0               0               0 
              0               1               0               0 
              0               0               1               0 
1
              1               0               0               0 
              0 2.22044604925031e-16              -1               0 
              0               1 2.22044604925031e-16               0 
1
              1               0               0               0 
              0 1.11022302462516e-16              -1               0 
              0               1 1.11022302462516e-16               0 
2  8 1 9 1 10 -1 0
2  10 1 9 -1 8 -1 0
2  6 -1 4 -1 3 1 2 -1 10 1 9 -1 8 -1 0
1
              1               0               0           -3.75 
              0               1               0 2.99503110317372e-15 
              0               0               1 13.4884209602162 
1
              1               0               0               0 
              0               1 -1.11022302462516e-16               0 
              0 1.11022302462516e-16               1               0 
1
           -0.5 -1.92296268638356e-16 -0.866025403784438               0 
1.92296268638356e-16               1 -3.33066907387547e-16               0 
0.866025403784438 -3.33066907387547e-16            -0.5               0 
2  14 1 15 1 16 1 0
2  6 -1 0
1
              1               0               0            3.75 
              0               1               0 2.99503110317372e-15 
              0               0               1 13.4884209602162 
2  19 1 15 1 16 1 0
1
           -0.5 1.92296268638356e-16 0.866025403784439               0 
-1.92296268638356e-16               1 -3.33066907387547e-16               0 
-0.866025403784439 -3.33066907387547e-16            -0.5               0 
2  19 1 15 1 21 1 0
2  14 1 15 1 21 1 0
2  6 -1 4 -1 0
2  6 -1 21 -1 15 -1 19 -1 0
2  6 -1 21 -1 15 -1 14 -1 0
2  6 -1 16 -1 15 -1 14 -1 0
2  6 -1 16 -1 15 -1 19 -1 0
2  19 1 4 1 0
2  6 -1 4 -1 19 -1 0
2  14 1 4 1 0
2  6 -1 4 -1 14 -1 0
Curve2ds 33
1 0 0 1 0 
1 0 2 1 0 
1 6.2831853071795862 0 0 1 
1 0 0 0 1 
1 6.2831853071795862 1.9999999999999984 -1 0 
1 6.2831853071795862 1.9999999999999987 -1 0 
1 0 7 1 0 
1 6.2831853071795862 1.9999999999999984 -1 0 
1 6.2831853071795862 1.9999999999999987 -1 0 
1 6.2831853071795862 2 -1 0 
1 6.2831853071795862 2 -1 0 
1 0 0 1 0 
1 0 0 1 0 
1 0 0 1 0 
1 0 0 1 0 
1 0 0 1 0 
1 0 0 1 0 
1 6.2831853071795862 0 0 1 
1 0 0 0 1 
1 6.2831853071795862 0 0 1 
1 0 0 0 1 
1 0 0 1 0 
1 6.2831853071795862 0 0 1 
1 0 0 0 1 
1 6.2831853071795862 0 0 1 
1 0 0 0 1 
1 6.2831853071795862 0 0 1 
1 0 0 0 1 
1 6.2831853071795862 0 0 1 
1 0 0 0 1 
1 0 5 1 0 
1 6.2831853071795862 0 0 1 
1 0 0 0 1 
Curves 27
2 0 -6.6613381477509392e-16 -2 0 3.3306690738754696e-16 1 -1 0 0 0 -1 3.3306690738754696e-16 19.199999999999999
2 0 0 0 0 3.3306690738754696e-16 1 -1 0 0 0 -1 3.3306690738754696e-16 19.199999999999999
1 -19.199999999999999 -4.4408920985006262e-16 -2 0 2.2204460492503131e-16 1 
2 -9.8063152084857244 9.9918057442997554 -2.0000000000000044 9.6148134319178142e-17 -4.9960036108132044e-16 -1 -0.50000000000000044 -0.86602540378443837 3.8459253727671266e-16 -0.86602540378443837 0.50000000000000044 -3.3306690738754716e-16 1.6499999999999999
2 -13.556315208485728 3.4966152159164663 -2.0000000000000018 9.6148134319178142e-17 -4.9960036108132044e-16 -1 -0.50000000000000044 -0.86602540378443837 3.8459253727671266e-16 -0.86602540378443837 0.50000000000000044 -3.3306690738754716e-16 1.6499999999999999
2 0 -6.6613381477509392e-16 -2 0 3.3306690738754696e-16 1 -1 0 0 0 -1 3.3306690738754696e-16 3
2 9.8063152084857315 9.9918057442997466 -2.0000000000000044 -9.6148134319178166e-17 -4.9960036108132034e-16 -1 -0.49999999999999983 0.86602540378443882 -3.8459253727671286e-16 0.86602540378443882 0.49999999999999983 -3.3306690738754686e-16 1.6499999999999999
2 13.556315208485728 3.4966152159164565 -2.0000000000000018 -9.6148134319178166e-17 -4.9960036108132034e-16 -1 -0.49999999999999983 0.86602540378443882 -3.8459253727671286e-16 0.86602540378443882 0.49999999999999983 -3.3306690738754686e-16 1.6499999999999999
2 -3.75 -13.48842096021621 -1.9999999999999942 0 -4.4408920985006262e-16 -1 1 0 0 0 -1 4.4408920985006262e-16 1.6499999999999999
2 3.75 -13.48842096021621 -1.9999999999999942 0 -4.4408920985006262e-16 -1 1 0 0 0 -1 4.4408920985006262e-16 1.6499999999999999
2 -8.6531576042428586 9.9918057442997466 -4.9959028721498715 -0.86602540378443882 8.3266726846886741e-17 -0.49999999999999978 0.24999999999999994 0.8660254037844386 -0.43301270189221941 0.43301270189221908 -0.50000000000000011 -0.75000000000000022 1.6499999999999999
2 -3.0281576042428604 3.4966152159164583 -1.7483076079582283 -0.86602540378443882 8.3266726846886741e-17 -0.49999999999999978 0.24999999999999994 0.8660254037844386 -0.43301270189221941 0.43301270189221908 -0.50000000000000011 -0.75000000000000022 1.6499999999999999
2 0 0 0 0 3.3306690738754696e-16 1 -1 0 0 0 -1 3.3306690738754696e-16 10
2 8.6531576042428622 9.9918057442997554 -4.9959028721498822 0.86602540378443849 1.1102230246251565e-16 -0.50000000000000033 0.25000000000000061 -0.86602540378443826 0.4330127018922198 -0.43301270189221935 -0.50000000000000067 -0.74999999999999956 1.6499999999999999
2 3.028157604242868 3.4966152159164681 -1.7483076079582354 0.86602540378443849 1.1102230246251565e-16 -0.50000000000000033 0.25000000000000061 -0.86602540378443826 0.4330127018922198 -0.43301270189221935 -0.50000000000000067 -0.74999999999999956 1.6499999999999999
2 0 -13.488420960216214 -13.488420960216205 -0 4.4408920985006262e-16 1 1 0 0 0 1 -4.4408920985006262e-16 1.6499999999999999
2 0 -13.488420960216214 -13.488420960216205 -0 4.4408920985006262e-16 1 1 0 0 0 1 -4.4408920985006262e-16 1.6499999999999999
1 9.0656576042428636 8.5628638280554323 -4.2814319140277197 -0.86602540378443849 -6.2948235302926534e-17 0.50000000000000044 
1 3.4406576042428689 2.067673299672145 -1.0338366498360727 -0.86602540378443849 -6.2948235302926534e-17 0.50000000000000044 
2 0 1.6653345369377348e-15 5 0 3.3306690738754696e-16 1 -1 0 0 0 -1 3.3306690738754696e-16 3
1 -3 1.1102230246251565e-15 5 0 -2.2204460492503131e-16 -1 
1 -8.240657604242859 11.42074766054407 -5.710373830272033 0.86602540378443882 -1.5909636962210486e-16 0.49999999999999978 
1 -2.6156576042428608 4.9255571321607814 -2.4627785660803903 0.86602540378443882 -1.5909636962210486e-16 0.49999999999999978 
1 1.6499999999999999 -13.488420960216214 -13.488420960216205 -5.5511151231257827e-17 -4.4408920985006262e-16 -1 
1 1.6499999999999999 -13.488420960216214 -13.488420960216205 -5.5511151231257827e-17 -4.4408920985006262e-16 -1 
2 0 1.6653345369377348e-15 5 0 3.3306690738754696e-16 1 -1 0 0 0 -1 3.3306690738754696e-16 10
1 -10 0 0 0 2.2204460492503131e-16 1 
Polygon3D 0
PolygonOnTriangulations 0
Surfaces 12
2 0 -6.6613381477509392e-16 -2 0 3.3306690738754696e-16 1 -1 0 0 0 -1 3.3306690738754696e-16 19.199999999999999
1 0 -6.6613381477509392e-16 -2 0 3.3306690738754696e-16 1 1 0 0 0 -1 3.3306690738754696e-16 
2 8.6531576042428622 9.9918057442997554 -4.9959028721498822 -0.86602540378443849 -1.1102230246251562e-16 0.50000000000000044 0.25000000000000061 -0.86602540378443826 0.4330127018922198 -0.43301270189221935 -0.50000000000000067 -0.74999999999999956 1.6499999999999999
2 3.028157604242868 3.4966152159164681 -1.7483076079582354 -0.86602540378443849 -1.1102230246251562e-16 0.50000000000000044 0.25000000000000061 -0.86602540378443826 0.4330127018922198 -0.43301270189221935 -0.50000000000000067 -0.74999999999999956 1.6499999999999999
2 0 1.6653345369377348e-15 5 0 -3.3306690738754696e-16 -1 -1 0 0 0 -1 3.3306690738754696e-16 3
2 -8.6531576042428586 9.9918057442997466 -4.9959028721498715 0.86602540378443882 -1.1102230246251578e-16 0.49999999999999978 0.24999999999999994 0.8660254037844386 -0.43301270189221941 0.43301270189221908 -0.50000000000000011 -0.75000000000000022 1.6499999999999999
2 -3.0281576042428604 3.4966152159164583 -1.7483076079582283 0.86602540378443882 -1.1102230246251578e-16 0.49999999999999978 0.24999999999999994 0.8660254037844386 -0.43301270189221941 0.43301270189221908 -0.50000000000000011 -0.75000000000000022 1.6499999999999999
2 0 -13.488420960216214 -13.488420960216205 0 -4.4408920985006262e-16 -1 1 0 0 0 1 -4.4408920985006262e-16 1.6499999999999999
2 0 -13.488420960216214 -13.488420960216205 0 -4.4408920985006262e-16 -1 1 0 0 0 1 -4.4408920985006262e-16 1.6499999999999999
1 0 0 0 0 3.3306690738754696e-16 1 -1 0 0 0 -1 3.3306690738754696e-16 
2 0 0 0 0 3.3306690738754696e-16 1 -1 0 0 0 -1 3.3306690738754696e-16 10
1 0 1.6653345369377348e-15 5 0 3.3306690738754696e-16 1 -1 0 0 0 -1 3.3306690738754696e-16 
Triangulations 0

TShapes 86
Ve
1e-07
-19.2 2 -1.33226762955019e-15
0 0

0101101
*
Ed
 1e-07 1 1 0
1  1 0 0 6.28318530717959
2  1 1 0 0 6.28318530717959
0

0101000
+86 7 -86 7 *
Ve
1e-07
-19.2 0 0
0 0

0101101
*
Ed
 1e-07 1 1 0
1  2 0 0 6.28318530717959
2  2 1 0 0 6.28318530717959
0

0101000
+84 7 -84 7 *
Ed
 1e-07 1 1 0
1  3 0 0 2
3  3 4CN 1 12 0 2
0

0101000
+86 13 -84 13 *
Wi

0101100
+85 0 -83 0 -82 11 +82 11 *
Fa
0  1e-07 1 0

0101000
+81 0 *
Wi

0101100
-85 5 *
Ve
1e-07
-10.6313152084857 2.00000000000001 8.56286382805543
0 0

0101101
*
Ed
 1e-07 1 1 0
1  4 0 0 6.28318530717959
2  5 3 17 0 6.28318530717959
0

0101000
+78 18 -78 18 *
Wi

0101100
-77 0 *
Ve
1.00000000444089e-07
-14.3813152084857 2 2.06767329967214
0 0

0101101
*
Ed
 1e-07 1 1 0
1  5 0 0 6.28318530717959
2  6 4 20 0 6.28318530717959
0

0101000
+75 18 -75 18 *
Wi

0101100
-74 0 *
Ve
1e-07
-3 2 -1.33226762955019e-15
0 0

0101101
*
Ed
 1e-07 1 1 0
1  6 0 0 6.28318530717959
2  7 5 0 0 6.28318530717959
0

0101000
+72 7 -72 7 *
Wi

0101100
+71 5 *
Ve
1e-07
8.98131520848573 2.00000000000001 11.4207476605441
0 0

0101101
*
Ed
 1e-07 1 1 0
1  7 0 0 6.28318530717959
2  8 6 22 0 6.28318530717959
0

0101000
+69 18 -69 18 *
Wi

0101100
-68 0 *
Ve
1.00000000888178e-07
12.7313152084857 2 4.92555713216078
0 0

0101101
*
Ed
 1e-07 1 1 0
1  8 0 0 6.28318530717959
2  9 7 23 0 6.28318530717959
0

0101000
+66 18 -66 18 *
Wi

0101100
-65 0 *
Ve
1e-07
-2.1 1.99999999999999 -13.4884209602162
0 0

0101101
*
Ed
 1e-07 1 1 0
1  9 0 0 6.28318530717959
2  10 8 14 0 6.28318530717959
0

0101000
+63 24 -63 24 *
Wi

0101100
-62 4 *
Ve
1e-07
5.4 1.99999999999999 -13.4884209602162
0 0

0101101
*
Ed
 1e-07 1 1 0
1  10 0 0 6.28318530717959
2  11 9 19 0 6.28318530717959
0

0101000
+60 24 -60 24 *
Wi

0101100
-59 4 *
Fa
0  1e-07 2 5

0101000
+79 0 +76 0 +73 0 +70 0 +67 0 +64 0 +61 0 +58 0 *
Wi

0101100
+83 5 *
Ve
1.00000001680702e-07
8.98131520848573 9.10526175828881e-15 11.4207476605441
0 0

0101101
*
Ed
 1.00000001680702e-07 1 1 0
1  11 0 0 6.28318530717959
2  12 6 0 0 6.28318530717959
0

0101000
+55 25 -55 25 *
Wi

0101100
-54 22 *
Ve
1.00000001680702e-07
12.7313152084857 4.77859571392579e-15 4.92555713216078
0 0

0101101
*
Ed
 1.00000001680702e-07 1 1 0
1  12 0 0 6.28318530717959
2  13 7 0 0 6.28318530717959
0

0101000
+52 26 -52 26 *
Wi

0101100
-51 23 *
Ve
1e-07
-10 0 0
0 0

0101101
*
Ed
 1e-07 1 1 0
1  13 0 0 6.28318530717959
2  14 11 0 0 6.28318530717959
0

0101000
+49 7 -49 7 *
Wi

0101100
-48 5 *
Ve
1.00000001680702e-07
-10.6313152084857 7.20152869876909e-15 8.56286382805543
0 0

0101101
*
Ed
 1.00000001680702e-07 1 1 0
1  14 0 0 6.28318530717959
2  15 3 0 0 6.28318530717959
0

0101000
+46 27 -46 27 *
Wi

0101100
-45 17 *
Ve
1.00000001680702e-07
-14.3813152084857 2.87486265440607e-15 2.06767329967214
0 0

0101101
*
Ed
 1.00000001680702e-07 1 1 0
1  15 0 0 6.28318530717959
2  16 4 0 0 6.28318530717959
0

0101000
+43 28 -43 28 *
Wi

0101100
-42 20 *
Ve
1e-07
5.4 -8.98509330952116e-15 -13.4884209602162
0 0

0101101
*
Ed
 1e-07 1 1 0
1  16 0 0 6.28318530717959
2  17 9 0 0 6.28318530717959
0

0101000
+40 30 -40 30 *
Wi

0101100
-39 29 *
Ve
1e-07
-2.1 -8.98509330952116e-15 -13.4884209602162
0 0

0101101
*
Ed
 1e-07 1 1 0
1  17 0 0 6.28318530717959
2  17 8 0 0 6.28318530717959
0

0101000
+37 32 -37 32 *
Wi

0101100
-36 31 *
Fa
0  1e-07 10 5

0101000
+56 0 +53 0 +50 0 +47 0 +44 0 +41 0 +38 0 +35 0 *
Ed
 1e-07 1 1 0
1  18 0 0 2
3  18 19CN 3 0 0 2
0

0101000
+46 27 -78 27 *
Wi

0101100
-33 17 +77 0 +33 17 +45 17 *
Fa
0  1e-07 3 17

0101000
+32 0 *
Ed
 1e-07 1 1 0
1  19 0 0 2
3  20 21CN 4 0 0 2
0

0101000
+43 28 -75 28 *
Wi

0101100
-30 20 +74 0 +30 20 +42 20 *
Fa
0  1e-07 4 20

0101000
+29 0 *
Ve
1e-07
-3 -5 3.33066907387547e-15
0 0

0101101
*
Ed
 1e-07 1 1 0
1  20 0 0 6.28318530717959
2  22 5 0 0 6.28318530717959
0

0101000
+27 7 -27 7 *
Ed
 1e-07 1 1 0
1  21 0 0 7
3  23 24CN 5 12 0 7
0

0101000
+27 13 -72 13 *
Wi

0101100
+26 0 -71 0 -25 11 +25 11 *
Fa
0  1e-07 5 0

0101000
+24 0 *
Ed
 1e-07 1 1 0
1  22 0 0 2
3  25 26CN 6 0 0 2
0

0101000
+55 25 -69 25 *
Wi

0101100
-22 22 +68 0 +22 22 +54 22 *
Fa
0  1e-07 6 22

0101000
+21 0 *
Ed
 1e-07 1 1 0
1  23 0 0 2
3  27 28CN 7 0 0 2
0

0101000
+52 26 -66 26 *
Wi

0101100
-19 23 +65 0 +19 23 +51 23 *
Fa
0  1e-07 7 23

0101000
+18 0 *
Ed
 1e-07 1 1 0
1  24 0 0 2
3  29 30CN 8 0 0 2
0

0101000
+37 32 -63 32 *
Wi

0101100
-16 14 +62 0 +16 14 +36 14 *
Fa
0  1e-07 8 14

0101000
+15 0 *
Ed
 1e-07 1 1 0
1  25 0 0 2
3  29 30CN 9 0 0 2
0

0101000
+40 30 -60 30 *
Wi

0101100
-13 19 +59 0 +13 19 +39 19 *
Fa
0  1e-07 9 19

0101000
+12 0 *
Ve
1e-07
-10 -5 3.33066907387547e-15
0 0

0101101
*
Ed
 1e-07 1 1 0
1  26 0 0 6.28318530717959
2  31 11 0 0 6.28318530717959
0

0101000
+10 7 -10 7 *
Ed
 1e-07 1 1 0
1  27 0 0 5
3  32 33CN 11 12 0 5
0

0101000
+49 13 -10 13 *
Wi

0101100
+48 0 -9 0 -8 11 +8 11 *
Fa
0  1e-07 11 0

0101000
+7 0 *
Wi

0101100
+9 0 *
Wi

0101100
-26 0 *
Fa
0  1e-07 12 0

0101000
+5 0 +4 0 *
Sh

0101100
+80 5 +57 0 +34 0 +31 0 +28 0 +23 5 +20 0 +17 0 +14 4 +11 4 
+6 5 +3 5 *
So

1100000
+2 0 *

+1 1 ]]>
      </Part>
      <ElementMap new="1" count="1"><Element key="Dummy" value="Dummy"/></ElementMap>
      <ElementMap2 count="57">
<![CDATA[
2 PostfixCount 21
Edge
Face
Vertex
;:Hc,V
;:Hc,E
;:Hc,F
;:M;CUT;:Hc:7,F
;:G#9c;CUT;:H-c:a,E
;:M;CUT;:H-c:7,F
;:G#a1;CUT;:H-c:a,E
;:M;CUT;:H-c:7,E
;D1;:H-c:3,E
;:G#b0;CUT;:H-c:a,V
;:G#b3;CUT;:H-c:a,V
;D1;:H-c:3,F
;:M;CUT;:H-c:7,V
;D1;:H-c:3,V
;:G#b1;CUT;:H-c:a,V
;:G#b2;CUT;:H-c:a,V
;:G#9f;CUT;:H-c:a,E
;:G#a0;CUT;:H-c:a,E

MapCount 2

ElementMap 1 3 3

Edge

ChildCount 0

NameCount 28
0
$#82.5 0
$#83.5 0
$#84.5 0
$#9e.8 0
:2.5.14.9b.9f.5c 0
$#85.5 0
:2.5.15.9b.a0.5c 0
$#a3.a 0
$#86.5 0
$#87.5 0
:1.6.b 0
$#a5.b 0
$#88.5 0
$#a7.b 0
$#a8.c 0
$#8a.5 0
$#8b.5 0
$#aa.b 0
:1.8.b 0
$#8c.5 0
$#8d.5 0
$#ab.c 0
$#ad.b 0
$#8e.5 0
$#8f.5 0
$#90.5 0
$#91.5 0

Face

ChildCount 0

NameCount 13
0
$#93.6 0
$#9b.7 0
$#ae.7 0
$#9e.9 0
:2.5.9 0
$#94.6 0
$#af.f 0
$#a3.9 0
$#96.6 0
$#97.6 0
$#98.6 0
$#99.6 0

Vertex

ChildCount 0

NameCount 19
0
$#70.4 $#71.4 0
$#72.4 $#73.4 0
$#aa.d 0
:1.8.12.b1.9b.5c 0
$#74.4 $#75.4 0
:1.8.13.b2.9b.5c 0
$#ad.e 0
$#76.4 0
$#77.4 0
:3.4.10 0
$#b5.10 0
$#78.4 $#79.4 0
$#b7.10 0
$#b8.11 0
$#7b.4 0
$#7c.4 0
$#7d.4 $#7e.4 0
$#7f.4 $#80.4 0

EndMap

ElementMap 2 2 3

Edge

ChildCount 1
1 0 27 13 1 ;:Hd,E 0

NameCount 0

Face

ChildCount 1
1 0 12 13 1 ;:Hd,F 0

NameCount 0

Vertex

ChildCount 1
1 0 18 13 1 ;:Hd,V 0

NameCount 0

EndMap
]]>
      </ElementMap2>
    </Property>
    <Property name="SingleSolid" type="App::PropertyBool">
      <Bool value="false"/>
    </Property>
    <Property name="Tip" type="App::PropertyLink">
      <Link value="PolarPattern"/>
    </Property>
    <Property name="Visibility" type="App::PropertyBool" status="648">
      <Bool value="true"/>
    </Property>
    <Property name="_ExportChildren" type="App::PropertyLinkList" status="218104320">
      <LinkList count="3">
        <Link value="Revolution"/>
        <Link value="Hole"/>
        <Link value="PolarPattern"/>
      </LinkList>
    </Property>
    <Property name="_GroupVersion" type="App::PropertyInteger" status="218103808">
      <Integer value="1"/>
    </Property>
  </Properties>
</Object>
</Document>
