<?xml version='1.0' encoding='utf-8'?>
<!-- FreeCAD DocumentObject -->
<Document SchemaVersion="4" FileVersion="2">
<Object name="Body" Extensions="True">
  <Extensions Count="1">
    <Extension type="App::OriginGroupExtension" name="OriginGroupExtension">
    </Extension>
  </Extensions>
  <Properties Count="16" TransientCount="2">
    <_Property name="_ElementMapVersion" type="App::PropertyString" status="234881024"/>
    <_Property name="_GroupTouched" type="App::PropertyBool" status="100663424"/>
    <Property name="AutoGroupSolids" type="App::PropertyBool" status="134217728">
      <Bool value="false"/>
    </Property>
    <Property name="BaseFeature" type="App::PropertyLink">
      <Link value=""/>
    </Property>
    <Property name="ColoredElements" type="App::PropertyLinkSubHidden" status="218103808">
      <LinkSub value="" count="0">
      </LinkSub>
    </Property>
    <Property name="ExportMode" type="App::PropertyEnumeration" status="8">
      <Integer value="0"/>
    </Property>
    <Property name="ExpressionEngine" type="App::PropertyExpressionEngine" status="67108864">
      <ExpressionEngine count="0"></ExpressionEngine>
    </Property>
    <Property name="Group" type="App::PropertyLinkList">
      <LinkList count="5">
        <Link value="Sketch"/>
        <Link value="Revolution"/>
        <Link value="Sketch001"/>
        <Link value="Hole"/>
        <Link value="PolarPattern"/>
      </LinkList>
    </Property>
    <Property name="Label" type="App::PropertyString" status="134217728">
      <String value="Lid"/>
    </Property>
    <Property name="Label2" type="App::PropertyString" status="128">
      <String value=""/>
    </Property>
    <Property name="Origin" type="App::PropertyLink" status="67108864">
      <Link value="Origin"/>
    </Property>
    <Property name="Placement" type="App::PropertyPlacement" status="8388608">
      <PropertyPlacement Px="0" Py="0" Pz="0" Q0="0" Q1="0" Q2="0" Q3="1" A="0" Ox="0" Oy="0" Oz="1"/>
    </Property>
    <Property name="Shape" type="Part::PropertyPartShape">
      <Part HasherIndex="0" ElementMap="1.15.70200.3.0" brep="1">
<![CDATA[

CASCADE Topology V1, (c) Matra-Datavision
Locations 32
1
              1               0               0               0 
              0               1               0               0 
              0               0               1               0 
1
              1               0              -0               0 
             -0 -4.44089209850063e-16              -1               0 
              0               1 -4.44089209850063e-16               0 
1
              1               0               0               0 
              0 -4.44089209850063e-16              -1               0 
              0               1 -4.44089209850063e-16               0 
1
              1               0               0               0 
              0               1               0               0 
              0               0               1               0 
2  2 1 3 -1 4 1 0
1
              1               0              -0               0 
             -0 -4.44089209850063e-16              -1               0 
              0               1 -4.44089209850063e-16               0 
2  6 -1 4 -1 3 1 2 -1 0
1
              1               0               0               0 
              0               1               0               0 
              0               0               1               0 
1
              1               0               0               0 
              0 -4.44089209850063e-16              -1               0 
              0               1 -4.44089209850063e-16               0 
1
              1               0               0               0 
              0 -4.44089209850063e-16              -1               0 
              0               1 -4.44089209850063e-16               0 
2  8 1 9 1 10 -1 0
2  10 1 9 -1 8 -1 0
2  6 -1 4 -1 3 1 2 -1 10 1 9 -1 8 -1 0
1
              1               0               0           -3.75 
              0               1               0               0 
              0               0               1 13.4884209602162 
1
              1              -0               0               0 
              0               1               0               0 
              0               0               1               0 
1
           -0.5               0 -0.866025403784438               0 
              0               1               0               0 
0.866025403784438               0            -0.5               0 
2  14 1 15 1 16 1 0
2  6 -1 0
1
              1               0               0            3.75 
              0               1               0               0 
              0               0               1 13.4884209602162 
2  19 1 15 1 16 1 0
1
           -0.5               0 0.866025403784439               0 
              0               1               0               0 
-0.866025403784439               0            -0.5               0 
2  19 1 15 1 21 1 0
2  14 1 15 1 21 1 0
2  6 -1 4 -1 0
2  6 -1 21 -1 15 -1 19 -1 0
2  6 -1 21 -1 15 -1 14 -1 0
2  6 -1 16 -1 15 -1 14 -1 0
2  6 -1 16 -1 15 -1 19 -1 0
2  19 1 4 1 0
2  6 -1 4 -1 19 -1 0
2  14 1 4 1 0
2  6 -1 4 -1 14 -1 0
Curve2ds 33
1 0 0 1 0 
1 0 2 1 0 
1 6.2831853071795862 0 0 1 
1 0 0 0 1 
1 6.2831853071795862 2 -1 0 
1 6.2831853071795862 2 -1 0 
1 0 7 1 0 
1 6.2831853071795862 2 -1 0 
1 6.2831853071795862 2 -1 0 
1 6.2831853071795862 2 -1 0 
1 6.2831853071795862 2 -1 0 
1 0 0 1 0 
1 0 0 1 0 
1 0 0 1 0 
1 0 0 1 0 
1 0 0 1 0 
1 0 0 1 0 
1 6.2831853071795862 0 0 1 
1 0 0 0 1 
1 6.2831853071795862 0 0 1 
1 0 0 0 1 
1 0 0 1 0 
1 6.2831853071795862 0 0 1 
1 0 0 0 1 
1 6.2831853071795862 0 0 1 
1 0 0 0 1 
1 6.2831853071795862 0 0 1 
1 0 0 0 1 
1 6.2831853071795862 0 0 1 
1 0 0 0 1 
1 0 5 1 0 
1 6.2831853071795862 0 0 1 
1 0 0 0 1 
Curves 27
2 0 8.8817841970012523e-16 -2 0 -4.4408920985006262e-16 1 -1 -0 0 0 -1 -4.4408920985006262e-16 19.199999999999999
2 0 0 0 0 -4.4408920985006262e-16 1 -1 -0 0 0 -1 -4.4408920985006262e-16 19.199999999999999
1 -19.199999999999999 8.8817841970012523e-16 -2 0 -4.4408920985006262e-16 1 
2 -9.8063152084857244 9.9918057442997572 -1.9999999999999956 0 4.4408920985006262e-16 -1 -0.50000000000000044 -0.86602540378443837 -3.8459253727671266e-16 -0.86602540378443837 0.50000000000000044 2.2204460492503151e-16 1.6499999999999999
2 -13.556315208485728 3.4966152159164681 -1.9999999999999984 0 4.4408920985006262e-16 -1 -0.50000000000000044 -0.86602540378443837 -3.8459253727671266e-16 -0.86602540378443837 0.50000000000000044 2.2204460492503151e-16 1.6499999999999999
2 0 8.8817841970012523e-16 -2 0 -4.4408920985006262e-16 1 -1 -0 0 0 -1 -4.4408920985006262e-16 3
2 9.8063152084857315 9.9918057442997466 -1.9999999999999956 0 4.4408920985006262e-16 -1 -0.49999999999999983 0.86602540378443882 3.8459253727671286e-16 0.86602540378443882 0.49999999999999983 2.2204460492503123e-16 1.6499999999999999
2 13.556315208485728 3.4966152159164583 -1.9999999999999984 0 4.4408920985006262e-16 -1 -0.49999999999999983 0.86602540378443882 3.8459253727671286e-16 0.86602540378443882 0.49999999999999983 2.2204460492503123e-16 1.6499999999999999
2 -3.75 -13.48842096021621 -2.0000000000000058 0 4.4408920985006262e-16 -1 1 0 0 0 -1 -4.4408920985006262e-16 1.6499999999999999
2 3.75 -13.48842096021621 -2.0000000000000058 0 4.4408920985006262e-16 -1 1 0 0 0 -1 -4.4408920985006262e-16 1.6499999999999999
2 -8.6531576042428657 9.9918057442997466 -4.9959028721498733 -0.86602540378443882 -4.4408920985006262e-16 -0.49999999999999989 0.24999999999999947 0.86602540378443882 -0.43301270189221941 0.43301270189221941 -0.49999999999999983 -0.75000000000000011 1.6499999999999999
2 -3.028157604242864 3.4966152159164574 -1.7483076079582283 -0.86602540378443882 -4.4408920985006262e-16 -0.49999999999999989 0.24999999999999947 0.86602540378443882 -0.43301270189221941 0.43301270189221941 -0.49999999999999983 -0.75000000000000011 1.6499999999999999
2 0 0 0 0 -4.4408920985006262e-16 1 -1 -0 0 0 -1 -4.4408920985006262e-16 10
2 8.6531576042428693 9.9918057442997554 -4.9959028721498839 0.86602540378443837 -4.163336342344337e-16 -0.50000000000000044 0.25000000000000017 -0.86602540378443849 0.4330127018922198 -0.43301270189221974 -0.50000000000000044 -0.74999999999999944 1.6499999999999999
2 3.0281576042428715 3.4966152159164672 -1.7483076079582354 0.86602540378443837 -4.163336342344337e-16 -0.50000000000000044 0.25000000000000017 -0.86602540378443849 0.4330127018922198 -0.43301270189221974 -0.50000000000000044 -0.74999999999999944 1.6499999999999999
2 0 -13.48842096021621 -13.488420960216216 0 -4.4408920985006262e-16 1 1 0 0 0 1 4.4408920985006262e-16 1.6499999999999999
2 0 -13.48842096021621 -13.488420960216216 0 -4.4408920985006262e-16 1 1 0 0 0 1 4.4408920985006262e-16 1.6499999999999999
1 9.0656576042428689 8.5628638280554323 -4.2814319140277215 -0.86602540378443837 4.9216327700965165e-16 0.50000000000000044 
1 3.4406576042428716 2.0676732996721441 -1.0338366498360729 -0.86602540378443837 4.9216327700965165e-16 0.50000000000000044 
2 0 -2.2204460492503131e-15 5 0 -4.4408920985006262e-16 1 -1 -0 0 0 -1 -4.4408920985006262e-16 3
1 -3 -2.2204460492503131e-15 5 0 4.4408920985006262e-16 -1 
1 -8.2406576042428661 11.42074766054407 -5.7103738302720348 0.86602540378443882 3.9601514269047358e-16 0.49999999999999983 
1 -2.6156576042428648 4.9255571321607814 -2.4627785660803903 0.86602540378443882 3.9601514269047358e-16 0.49999999999999983 
1 1.6499999999999999 -13.48842096021621 -13.488420960216216 -5.5511151231257827e-17 4.4408920985006262e-16 -1 
1 1.6499999999999999 -13.48842096021621 -13.488420960216216 -5.5511151231257827e-17 4.4408920985006262e-16 -1 
2 0 -2.2204460492503131e-15 5 0 -4.4408920985006262e-16 1 -1 -0 0 0 -1 -4.4408920985006262e-16 10
1 -10 0 0 0 -4.4408920985006262e-16 1 
Polygon3D 0
PolygonOnTriangulations 0
Surfaces 12
2 0 8.8817841970012523e-16 -2 0 -4.4408920985006262e-16 1 -1 -0 0 0 -1 -4.4408920985006262e-16 19.199999999999999
1 0 8.8817841970012523e-16 -2 0 -4.4408920985006262e-16 1 1 0 0 0 -1 -4.4408920985006262e-16 
2 8.6531576042428693 9.9918057442997554 -4.9959028721498839 -0.86602540378443837 4.4408920985006262e-16 0.50000000000000044 0.25000000000000017 -0.86602540378443849 0.4330127018922198 -0.43301270189221974 -0.50000000000000044 -0.74999999999999944 1.6499999999999999
2 3.0281576042428715 3.4966152159164672 -1.7483076079582354 -0.86602540378443837 4.4408920985006262e-16 0.50000000000000044 0.25000000000000017 -0.86602540378443849 0.4330127018922198 -0.43301270189221974 -0.50000000000000044 -0.74999999999999944 1.6499999999999999
2 0 -2.2204460492503131e-15 5 -0 4.4408920985006262e-16 -1 -1 -0 0 0 -1 -4.4408920985006262e-16 3
2 -8.6531576042428657 9.9918057442997466 -4.9959028721498733 0.86602540378443882 4.4408920985006271e-16 0.49999999999999983 0.24999999999999947 0.86602540378443882 -0.43301270189221941 0.43301270189221941 -0.49999999999999983 -0.75000000000000011 1.6499999999999999
2 -3.028157604242864 3.4966152159164574 -1.7483076079582283 0.86602540378443882 4.4408920985006271e-16 0.49999999999999983 0.24999999999999947 0.86602540378443882 -0.43301270189221941 0.43301270189221941 -0.49999999999999983 -0.75000000000000011 1.6499999999999999
2 0 -13.48842096021621 -13.488420960216216 -0 4.4408920985006262e-16 -1 1 0 0 0 1 4.4408920985006262e-16 1.6499999999999999
2 0 -13.48842096021621 -13.488420960216216 -0 4.4408920985006262e-16 -1 1 0 0 0 1 4.4408920985006262e-16 1.6499999999999999
1 0 0 0 0 -4.4408920985006262e-16 1 -1 -0 0 0 -1 -4.4408920985006262e-16 
2 0 0 0 0 -4.4408920985006262e-16 1 -1 -0 0 0 -1 -4.4408920985006262e-16 10
1 0 -2.2204460492503131e-15 5 0 -4.4408920985006262e-16 1 -1 -0 0 0 -1 -4.4408920985006262e-16 
Triangulations 0

TShapes 86
Ve
1e-07
-19.2 2 1.77635683940025e-15
0 0

0101101
*
Ed
 1e-07 1 1 0
1  1 0 0 6.28318530717959
2  1 1 0 0 6.28318530717959
0

0101000
+86 7 -86 7 *
Ve
1e-07
-19.2 0 0
0 0

0101101
*
Ed
 1e-07 1 1 0
1  2 0 0 6.28318530717959
2  2 1 0 0 6.28318530717959
0

0101000
+84 7 -84 7 *
Ed
 1e-07 1 1 0
1  3 0 0 2
3  3 4CN 1 12 0 2
0

0101000
+86 13 -84 13 *
Wi

0101100
+85 0 -83 0 -82 11 +82 11 *
Fa
0  1e-07 1 0

0101000
+81 0 *
Wi

0101100
-85 5 *
Ve
1e-07
-10.6313152084857 1.99999999999999 8.56286382805543
0 0

0101101
*
Ed
 1e-07 1 1 0
1  4 0 0 6.28318530717959
2  5 3 17 0 6.28318530717959
0

0101000
+78 18 -78 18 *
Wi

0101100
-77 0 *
Ve
1.00000000444089e-07
-14.3813152084857 2 2.06767329967215
0 0

0101101
*
Ed
 1e-07 1 1 0
1  5 0 0 6.28318530717959
2  6 4 20 0 6.28318530717959
0

0101000
+75 18 -75 18 *
Wi

0101100
-74 0 *
Ve
1e-07
-3 2 1.77635683940025e-15
0 0

0101101
*
Ed
 1e-07 1 1 0
1  6 0 0 6.28318530717959
2  7 5 0 0 6.28318530717959
0

0101000
+72 7 -72 7 *
Wi

0101100
+71 5 *
Ve
1e-07
8.98131520848573 1.99999999999999 11.4207476605441
0 0

0101101
*
Ed
 1e-07 1 1 0
1  7 0 0 6.28318530717959
2  8 6 22 0 6.28318530717959
0

0101000
+69 18 -69 18 *
Wi

0101100
-68 0 *
Ve
1e-07
12.7313152084857 2 4.92555713216078
0 0

0101101
*
Ed
 1e-07 1 1 0
1  8 0 0 6.28318530717959
2  9 7 23 0 6.28318530717959
0

0101000
+66 18 -66 18 *
Wi

0101100
-65 0 *
Ve
1e-07
-2.1 2.00000000000001 -13.4884209602162
0 0

0101101
*
Ed
 1e-07 1 1 0
1  9 0 0 6.28318530717959
2  10 8 14 0 6.28318530717959
0

0101000
+63 24 -63 24 *
Wi

0101100
-62 4 *
Ve
1e-07
5.4 2.00000000000001 -13.4884209602162
0 0

0101101
*
Ed
 1e-07 1 1 0
1  10 0 0 6.28318530717959
2  11 9 19 0 6.28318530717959
0

0101000
+60 24 -60 24 *
Wi

0101100
-59 4 *
Fa
0  1e-07 2 5

0101000
+79 0 +76 0 +73 0 +70 0 +67 0 +64 0 +61 0 +58 0 *
Wi

0101100
+83 5 *
Ve
1e-07
8.98131520848573 -1.01436616089359e-14 11.4207476605441
0 0

0101101
*
Ed
 1e-07 1 1 0
1  11 0 0 6.28318530717959
2  12 6 0 0 6.28318530717959
0

0101000
+55 25 -55 25 *
Wi

0101100
-54 22 *
Ve
1e-07
12.7313152084857 -4.37477354978524e-15 4.92555713216078
0 0

0101101
*
Ed
 1e-07 1 1 0
1  12 0 0 6.28318530717959
2  13 7 0 0 6.28318530717959
0

0101000
+52 26 -52 26 *
Wi

0101100
-51 23 *
Ve
1e-07
-10 0 0
0 0

0101101
*
Ed
 1e-07 1 1 0
1  13 0 0 6.28318530717959
2  14 11 0 0 6.28318530717959
0

0101000
+49 7 -49 7 *
Wi

0101100
-48 5 *
Ve
1e-07
-10.6313152084857 -7.60535086290964e-15 8.56286382805543
0 0

0101101
*
Ed
 1e-07 1 1 0
1  14 0 0 6.28318530717959
2  15 3 0 0 6.28318530717959
0

0101000
+46 27 -46 27 *
Wi

0101100
-45 17 *
Ve
1e-07
-14.3813152084857 -1.83646280375895e-15 2.06767329967214
0 0

0101101
*
Ed
 1e-07 1 1 0
1  15 0 0 6.28318530717959
2  16 4 0 0 6.28318530717959
0

0101000
+43 28 -43 28 *
Wi

0101100
-42 20 *
Ve
1e-07
5.4 1.19801244126949e-14 -13.4884209602162
0 0

0101101
*
Ed
 1e-07 1 1 0
1  16 0 0 6.28318530717959
2  17 9 0 0 6.28318530717959
0

0101000
+40 30 -40 30 *
Wi

0101100
-39 29 *
Ve
1e-07
-2.1 1.19801244126949e-14 -13.4884209602162
0 0

0101101
*
Ed
 1e-07 1 1 0
1  17 0 0 6.28318530717959
2  17 8 0 0 6.28318530717959
0

0101000
+37 32 -37 32 *
Wi

0101100
-36 31 *
Fa
0  1e-07 10 5

0101000
+56 0 +53 0 +50 0 +47 0 +44 0 +41 0 +38 0 +35 0 *
Ed
 1e-07 1 1 0
1  18 0 0 2
3  18 19CN 3 0 0 2
0

0101000
+46 27 -78 27 *
Wi

0101100
-33 17 +77 0 +33 17 +45 17 *
Fa
0  1e-07 3 17

0101000
+32 0 *
Ed
 1e-07 1 1 0
1  19 0 0 2
3  20 21CN 4 0 0 2
0

0101000
+43 28 -75 28 *
Wi

0101100
-30 20 +74 0 +30 20 +42 20 *
Fa
0  1e-07 4 20

0101000
+29 0 *
Ve
1e-07
-3 -5 -4.44089209850063e-15
0 0

0101101
*
Ed
 1e-07 1 1 0
1  20 0 0 6.28318530717959
2  22 5 0 0 6.28318530717959
0

0101000
+27 7 -27 7 *
Ed
 1e-07 1 1 0
1  21 0 0 7
3  23 24CN 5 12 0 7
0

0101000
+27 13 -72 13 *
Wi

0101100
+26 0 -71 0 -25 11 +25 11 *
Fa
0  1e-07 5 0

0101000
+24 0 *
Ed
 1e-07 1 1 0
1  22 0 0 2
3  25 26CN 6 0 0 2
0

0101000
+55 25 -69 25 *
Wi

0101100
-22 22 +68 0 +22 22 +54 22 *
Fa
0  1e-07 6 22

0101000
+21 0 *
Ed
 1e-07 1 1 0
1  23 0 0 2
3  27 28CN 7 0 0 2
0

0101000
+52 26 -66 26 *
Wi

0101100
-19 23 +65 0 +19 23 +51 23 *
Fa
0  1e-07 7 23

0101000
+18 0 *
Ed
 1e-07 1 1 0
1  24 0 0 2
3  29 30CN 8 0 0 2
0

0101000
+37 32 -63 32 *
Wi

0101100
-16 14 +62 0 +16 14 +36 14 *
Fa
0  1e-07 8 14

0101000
+15 0 *
Ed
 1e-07 1 1 0
1  25 0 0 2
3  29 30CN 9 0 0 2
0

0101000
+40 30 -60 30 *
Wi

0101100
-13 19 +59 0 +13 19 +39 19 *
Fa
0  1e-07 9 19

0101000
+12 0 *
Ve
1e-07
-10 -5 -4.44089209850063e-15
0 0

0101101
*
Ed
 1e-07 1 1 0
1  26 0 0 6.28318530717959
2  31 11 0 0 6.28318530717959
0

0101000
+10 7 -10 7 *
Ed
 1e-07 1 1 0
1  27 0 0 5
3  32 33CN 11 12 0 5
0

0101000
+49 13 -10 13 *
Wi

0101100
+48 0 -9 0 -8 11 +8 11 *
Fa
0  1e-07 11 0

0101000
+7 0 *
Wi

0101100
+9 0 *
Wi

0101100
-26 0 *
Fa
0  1e-07 12 0

0101000
+5 0 +4 0 *
Sh

0101100
+80 5 +57 0 +34 0 +31 0 +28 0 +23 5 +20 0 +17 0 +14 4 +11 4 
+6 5 +3 5 *
So

1100000
+2 0 *

+1 1 ]]>
      </Part>
      <ElementMap count="63">
<![CDATA[
Edge1	#ca;:T13:3:E 6 1 20 30 86 141 202
Edge10	#d3;:T13:3:E 13 0 47 51 57 101 1 20 30 45 104 105 146 211
Edge11	#d4;:T13:3:E 7 0 47 51 57 71 119 212
Edge12	#d5;:T13:3:E 7 0 49 50 52 65 115 213
Edge13	#d6;:T13:3:E 6 5 22 37 89 147 214
Edge14	#d7;:T13:3:E 7 0 49 50 52 65 115 215
Edge15	#d8;:T13:3:E 7 0 47 51 57 71 119 216
Edge16	#d9;:T13:3:E 7 0 47 51 57 71 119 217
Edge17	#da;:T13:3:E 7 0 49 50 52 65 115 218
Edge18	#db;:T13:3:E 8 0 49 50 52 54 99 160 219
Edge19	#dc;:T13:3:E 8 0 47 51 57 59 100 161 220
Edge2	#cb;:T13:3:E 6 3 21 28 87 142 203
Edge20	#dd;:T13:3:E 6 9 24 38 92 148 221
Edge21	#de;:T13:3:E 5 17 27 94 149 222
Edge22	#df;:T13:3:E 8 0 47 51 57 59 100 162 223
Edge23	#e0;:T13:3:E 8 0 49 50 52 54 99 163 224
Edge24	#e1;:T13:3:E 8 0 49 50 52 54 99 150 225
Edge25	#e2;:T13:3:E 8 0 47 51 57 59 100 151 226
Edge26	#e3;:T13:3:E 6 7 23 29 90 152 227
Edge27	#e4;:T13:3:E 5 15 26 91 153 228
Edge3	#cc;:T13:3:E 5 13 19 88 143 204
Edge4	#cd;:T13:3:E 14 0 49 50 52 103 164 1 20 30 45 101 165 166 205
Edge5	#ce;:T13:3:E 14 0 47 51 57 105 164 1 20 30 45 101 167 168 206
Edge6	#cf;:T13:3:E 6 11 25 39 93 144 207
Edge7	#d0;:T13:3:E 14 0 47 51 57 105 164 1 20 30 45 101 169 170 208
Edge8	#d1;:T13:3:E 14 0 49 50 52 103 164 1 20 30 45 101 171 172 209
Edge9	#d2;:T13:3:E 13 0 49 50 52 101 1 20 30 45 102 103 145 210
Face1	#e5;:T13:3:F 6 13 19 40 95 154 229
Face10	#ee;:T13:3:F 7 0 47 51 57 105 157 238
Face11	#ef;:T13:3:F 6 15 26 42 96 158 239
Face12	#f0;:T13:3:F 7 7 23 29 43 97 159 240
Face2	#e6;:T13:3:F 7 1 20 30 45 101 164 230
Face3	#e7;:T13:3:F 7 3 21 28 41 106 173 231
Face4	#e8;:T13:3:F 7 0 49 50 52 103 166 232
Face5	#e9;:T13:3:F 7 0 47 51 57 105 168 233
Face6	#ea;:T13:3:F 6 17 27 44 98 155 234
Face7	#eb;:T13:3:F 7 0 47 51 57 105 170 235
Face8	#ec;:T13:3:F 7 0 49 50 52 103 172 236
Face9	#ed;:T13:3:F 7 0 49 50 52 103 156 237
Vertex1	#b2;:T13:3:V 5 1 20 74 127 178
Vertex1	#b3;:T13:3:V 5 2 31 75 128 179
Vertex10	#be;:T13:3:V 8 0 47 51 57 59 68 112 190
Vertex11	#bf;:T13:3:V 8 0 49 50 52 54 62 109 191
Vertex12	#c0;:T13:3:V 5 5 22 78 135 192
Vertex12	#c1;:T13:3:V 5 6 33 79 136 193
Vertex13	#c2;:T13:3:V 8 0 49 50 52 54 62 109 194
Vertex14	#c3;:T13:3:V 8 0 47 51 57 59 68 112 195
Vertex15	#c4;:T13:3:V 8 0 47 51 57 59 68 112 196
Vertex16	#c5;:T13:3:V 8 0 49 50 52 54 62 109 197
Vertex17	#c6;:T13:3:V 5 9 24 82 137 198
Vertex17	#c7;:T13:3:V 5 10 35 83 138 199
Vertex18	#c8;:T13:3:V 5 7 23 80 139 200
Vertex18	#c9;:T13:3:V 5 8 34 81 140 201
Vertex2	#b4;:T13:3:V 5 3 21 76 129 180
Vertex2	#b5;:T13:3:V 5 4 32 77 130 181
Vertex3	#b6;:T13:3:V 15 0 49 50 52 54 99 164 1 20 30 45 101 174 160 182
Vertex4	#b7;:T13:3:V 15 0 47 51 57 59 100 164 1 20 30 45 101 175 161 183
Vertex5	#b8;:T13:3:V 5 11 25 84 131 184
Vertex5	#b9;:T13:3:V 5 12 36 85 132 185
Vertex6	#ba;:T13:3:V 15 0 47 51 57 59 100 164 1 20 30 45 101 176 162 186
Vertex7	#bb;:T13:3:V 15 0 49 50 52 54 99 164 1 20 30 45 101 177 163 187
Vertex8	#bc;:T13:3:V 14 0 49 50 52 54 101 1 20 30 45 107 99 133 188
Vertex9	#bd;:T13:3:V 14 0 47 51 57 59 101 1 20 30 45 108 100 134 189
]]>
      </ElementMap>
    </Property>
    <Property name="SingleSolid" type="App::PropertyBool">
      <Bool value="false"/>
    </Property>
    <Property name="Tip" type="App::PropertyLink">
      <Link value="PolarPattern"/>
    </Property>
    <Property name="Visibility" type="App::PropertyBool" status="649">
      <Bool value="true"/>
    </Property>
    <Property name="_ExportChildren" type="App::PropertyLinkList" status="218104320">
      <LinkList count="3">
        <Link value="Revolution"/>
        <Link value="Hole"/>
        <Link value="PolarPattern"/>
      </LinkList>
    </Property>
    <Property name="_GroupVersion" type="App::PropertyInteger" status="218103808">
      <Integer value="1"/>
    </Property>
  </Properties>
</Object>
</Document>
