<?xml version='1.0' encoding='utf-8'?>
<!-- FreeCAD DocumentObject -->
<Document SchemaVersion="4" FileVersion="2">
<Object name="Sharpener002">
  <Properties Count="7" TransientCount="1">
    <_Property name="_ElementMapVersion" type="App::PropertyString" status="234881024"/>
    <Property name="ColoredElements" type="App::PropertyLinkSubHidden" status="218103808">
      <LinkSub value="" count="0">
      </LinkSub>
    </Property>
    <Property name="ExpressionEngine" type="App::PropertyExpressionEngine" status="67108864">
      <ExpressionEngine count="0"></ExpressionEngine>
    </Property>
    <Property name="Label" type="App::PropertyString" status="134217728">
      <String value="Sharpener002"/>
    </Property>
    <Property name="Label2" type="App::PropertyString" status="128">
      <String value=""/>
    </Property>
    <Property name="Placement" type="App::PropertyPlacement" status="8388608">
      <PropertyPlacement Px="0.1" Py="0" Pz="0" Q0="0" Q1="0" Q2="0" Q3="1" A="0" Ox="0" Oy="0" Oz="1"/>
    </Property>
    <Property name="Shape" type="Part::PropertyPartShape">
      <Part ElementMap="0.15.70200.4" brep="1">
<![CDATA[

CASCADE Topology V1, (c) Matra-Datavision
Locations 3
1
              1               0               0             0.1 
              0               1               0               0 
              0               0               1               0 
1
              1               0               0             0.1 
              0               1               0               0 
              0               0               1               0 
2  2 -1 0
Curve2ds 0
Curves 18
1 -0.44325540070000002 33.038347080000001 0.73515821690000005 0 0.14443822003136531 0.98951382031489132 
1 -0.44325540070000002 33.182785299999999 1.7246720369999999 -0.79428326658858772 -0.087753094659568168 -0.60117675170870633 
1 -1.75061512 33.038347080000001 0.73515821690000005 1 0 0 
1 -1.75061512 1.642430412 5.3179848639999996 0.79428326632749147 0.08775309463072338 0.60117675205788079 
1 -0.44325540070000002 1.786868632 6.3074986849999997 0 -0.1444382199027362 -0.98951382033366719 
1 -0.44325540070000002 1.642430412 5.3179848639999996 -1 0 0 
1 -0.44325540070000002 1.642430412 5.3179848639999996 0 0.98951382038939506 -0.14443821952095653 
1 -0.44325540070000002 33.038347080000001 0.73515821690000005 -1 0 0 
1 -1.75061512 33.038347080000001 0.73515821690000005 0 -0.98951382038939506 0.14443821952095653 
1 -1.75061512 1.642430412 5.3179848639999996 1 0 0 
1 -1.75061512 1.642430412 5.3179848639999996 0 0.98951382038939506 -0.14443821952095653 
1 -1.75061512 33.038347080000001 0.73515821690000005 0.79428326658858772 0.087753094659568168 0.60117675170870633 
1 -0.44325540070000002 33.182785299999999 1.7246720369999999 0 -0.98951382038534097 0.14443821954873032 
1 -0.44325540070000002 1.786868632 6.3074986849999997 -0.79428326632749147 -0.08775309463072338 -0.60117675205788079 
1 -0.44325540070000002 33.038347080000001 0.73515821690000005 0 -0.98951382038939506 0.14443821952095653 
1 -0.44325540070000002 33.182785299999999 1.7246720369999999 0 -0.14443822003136531 -0.98951382031489132 
1 -0.44325540070000002 1.786868632 6.3074986849999997 0 0.98951382038534097 -0.14443821954873032 
1 -0.44325540070000002 1.642430412 5.3179848639999996 0 0.1444382199027362 0.98951382033366719 
Polygon3D 0
PolygonOnTriangulations 0
Surfaces 5
1 0 32.931036856895624 0 0 -0.9895138203926116 0.14443821949892152 0 -0.14443821949892152 -0.9895138203926116 1 0 0 
1 0 0.86617014257924352 0 0 0.9895138203926116 -0.14443821949892152 0 0.14443821949892152 0.9895138203926116 1 -0 0 
1 0 0 5.5577285841009356 0 0.14443821949892152 0.9895138203926116 0 0.9895138203926116 -0.14443821949892152 -1 0 0 
1 0 0 6.9109651080023813 0.60754760519540907 -0.11472486079913309 -0.785954269494061 -0.79117817739804008 6.9388939039072268e-18 -0.61158571893816782 0.070164086471919018 0.99339730536911541 -0.090767806269301962 
1 -0.44325540070000002 0 0 1 0 0 -0 0 1 0 -1 0 
Triangulations 0

TShapes 47
Ve
1e-07
-0.4432554007 33.03834708 0.7351582169
0 0

0101101
*
Ve
1e-07
-0.4432554007 33.1827853 1.724672037
0 0

0101101
*
Ed
 1e-07 1 1 0
1  1 0 0 0.999999999782831
0

0101000
+47 0 -46 0 *
Ve
1e-07
-1.75061512 33.03834708 0.7351582169
0 0

0101101
*
Ed
 1e-07 1 1 0
1  2 0 0 1.64596155338265
0

0101000
+46 0 -44 0 *
Ed
 1e-07 1 1 0
1  3 0 0 1.3073597193
0

0101000
+44 0 -47 0 *
Wi

0101100
+45 0 +43 0 +42 0 *
Fa
0  1e-07 1 0

0101000
+41 0 *
Ve
1e-07
-1.75061512 1.642430412 5.317984864
0 0

0101101
*
Ve
1.0001e-07
-0.4432554007 1.786868632 6.307498685
0 0

0101101
*
Ed
 1e-07 1 1 0
1  4 0 0 1.64596155392371
0

0101000
+39 0 -38 0 *
Ve
1e-07
-0.4432554007 1.642430412 5.317984864
0 0

0101101
*
Ed
 1e-07 1 1 0
1  5 0 0 1.00000000067339
0

0101000
+38 0 -36 0 *
Ed
 1e-07 1 1 0
1  6 0 0 1.3073597193
0

0101000
+36 0 -39 0 *
Wi

0101100
+37 0 +35 0 +34 0 *
Fa
0  1e-07 2 0

0101000
+33 0 *
Ve
1e-07
-0.4432554007 1.642430412 5.317984864
0 0

0101101
*
Ve
1.0001e-07
-0.4432554007 33.03834708 0.7351582169
0 0

0101101
*
Ed
 1e-07 1 1 0
1  7 0 0 31.7286287680601
0

0101000
+31 0 -30 0 *
Ve
1e-07
-1.75061512 33.03834708 0.7351582169
0 0

0101101
*
Ed
 1e-07 1 1 0
1  8 0 0 1.3073597193
0

0101000
+30 0 -28 0 *
Ve
1.0001e-07
-1.75061512 1.642430412 5.317984864
0 0

0101101
*
Ed
 1e-07 1 1 0
1  9 0 0 31.7286287680601
0

0101000
+28 0 -26 0 *
Ed
 1e-07 1 1 0
1  10 0 0 1.3073597193
0

0101000
+26 0 -31 0 *
Wi

0101100
+29 0 +27 0 +25 0 +24 0 *
Fa
0  1e-07 3 0

0101000
+23 0 *
Ve
1.0001e-07
-1.75061512 1.642430412 5.317984864
0 0

0101101
*
Ve
1.0001e-07
-1.75061512 33.03834708 0.7351582169
0 0

0101101
*
Ed
 1e-07 1 1 0
1  11 0 0 31.7286287680601
0

0101000
+21 0 -20 0 *
Ve
1e-07
-0.4432554007 33.1827853 1.724672037
0 0

0101101
*
Ed
 1e-07 1 1 0
1  12 0 0 1.64596155338265
0

0101000
+20 0 -18 0 *
Ve
1.00010001e-07
-0.4432554007 1.786868632 6.307498685
0 0

0101101
*
Ed
 1e-07 1 1 0
1  13 0 0 31.7286287681901
0

0101000
+18 0 -16 0 *
Ed
 1e-07 1 1 0
1  14 0 0 1.64596155392371
0

0101000
+16 0 -21 0 *
Wi

0101100
+19 0 +17 0 +15 0 +14 0 *
Fa
0  1e-07 4 0

0101000
+13 0 *
Ve
1.0001e-07
-0.4432554007 33.03834708 0.7351582169
0 0

0101101
*
Ve
1.0001e-07
-0.4432554007 1.642430412 5.317984864
0 0

0101101
*
Ed
 1e-07 1 1 0
1  15 0 0 31.7286287680601
0

0101000
+11 0 -10 0 *
Ve
1.0001e-07
-0.4432554007 33.1827853 1.724672037
0 0

0101101
*
Ed
 1e-07 1 1 0
1  16 0 0 0.999999999782831
0

0101000
+8 0 -11 0 *
Ve
1e-07
-0.4432554007 1.786868632 6.307498685
0 0

0101101
*
Ed
 1e-07 1 1 0
1  17 0 0 31.7286287681901
0

0101000
+6 0 -8 0 *
Ed
 1e-07 1 1 0
1  18 0 0 1.00000000067339
0

0101000
+10 0 -6 0 *
Wi

0101100
-9 2 -7 2 -5 2 -4 2 *
Fa
0  1e-07 5 0

0101000
+3 3 *
Co

1100000
+40 0 +32 0 +22 0 +12 0 +2 0 *

+1 1 ]]>
      </Part>
      <ElementMap/>
    </Property>
    <Property name="Visibility" type="App::PropertyBool" status="648">
      <Bool value="true"/>
    </Property>
  </Properties>
</Object>
</Document>
